0.84627 0.850694 0.856416 0.857823 0.857748 0.859472 0.855616 0.849017 0.842167 0.844637 0.839206 0.836592 0.838741 0.837584 0.836484 0.834253 0.831064 0.83174 0.838673 0.841582 0.840068 0.837519 0.834909 0.834463 0.832841 0.830799 0.832973 0.830025 0.83023 0.833121 0.831623 0.832305 0.839514 0.840766 0.838746 0.838692 0.839662 0.837717 0.837425 0.828119 0.822504 0.816168 0.818645 0.815963 0.820732 0.81794 0.820512 0.817736 0.815704 0.816742 0.81548 
0.84627 0.846902 0.850848 0.847541 0.846848 0.841664 0.844252 0.845482 0.842174 0.84128 0.835014 0.831361 0.830322 0.82671 0.825986 0.826575 0.826949 0.832301 0.831111 0.838714 0.83019 0.826993 0.82531 0.81581 0.817554 0.817606 0.814058 0.808737 0.809706 0.80806 0.805083 0.811712 0.80744 0.810099 0.817366 0.811226 0.810237 0.810311 0.804106 0.805201 0.811375 0.80892 0.807696 0.804337 0.804538 0.807177 0.805696 0.809815 0.815814 0.813338 0.81407 
0.84627 0.848638 0.843862 0.839845 0.844079 0.84774 0.852557 0.852867 0.850177 0.852139 0.852739 0.849888 0.854576 0.852853 0.846221 0.847647 0.847122 0.844142 0.840501 0.843301 0.836143 0.83359 0.827307 0.831671 0.824074 0.8194 0.819231 0.822334 0.8176 0.814198 0.818096 0.818995 0.824085 0.82224 0.827792 0.826202 0.826133 0.823762 0.830943 0.827091 0.832603 0.833124 0.839433 0.835129 0.836666 0.831626 0.82489 0.82557 0.823653 0.817145 0.822384 
0.84627 0.845976 0.844581 0.844628 0.840971 0.836386 0.833311 0.83259 0.834358 0.830017 0.83197 0.834259 0.833963 0.835755 0.832331 0.83251 0.827229 0.829976 0.831197 0.824455 0.827051 0.829577 0.820732 0.82009 0.81709 0.820058 0.816191 0.816243 0.817719 0.814601 0.818316 0.818484 0.813066 0.81256 0.809969 0.812596 0.813477 0.817524 0.819281 0.817742 0.809244 0.81139 0.805329 0.80866 0.809457 0.807489 0.808624 0.808182 0.811837 0.809484 0.81053 
0.84627 0.843895 0.84343 0.852816 0.848242 0.847403 0.851003 0.850367 0.851 0.852087 0.851907 0.849704 0.848091 0.84847 0.844722 0.842202 0.842961 0.839002 0.839563 0.834345 0.824954 0.82571 0.8199 0.823064 0.818998 0.819567 0.815403 0.812632 0.806725 0.810688 0.805015 0.807952 0.806262 0.804373 0.806262 0.806487 0.802957 0.803409 0.804579 0.79672 0.801608 0.798467 0.798446 0.792114 0.790384 0.788247 0.780889 0.777983 0.777776 0.774744 0.770249 
0.84627 0.849755 0.848628 0.854279 0.852674 0.84973 0.841715 0.842374 0.83628 0.84045 0.842524 0.837241 0.837367 0.83905 0.839805 0.838748 0.835245 0.834497 0.822206 0.821053 0.815878 0.811432 0.814079 0.813905 0.808769 0.804282 0.797661 0.79631 0.799087 0.797717 0.799114 0.794461 0.802679 0.798207 0.796593 0.802766 0.795949 0.796547 0.79454 0.791767 0.780956 0.783956 0.779443 0.773437 0.770726 0.768111 0.76684 0.763588 0.759664 0.761484 0.758971 
0.84627 0.837389 0.837111 0.839728 0.845726 0.841172 0.839861 0.836248 0.82987 0.827216 0.828519 0.830076 0.825784 0.825672 0.827938 0.83075 0.827457 0.82291 0.819356 0.821002 0.810594 0.813196 0.812335 0.811107 0.811717 0.811104 0.809998 0.807403 0.797307 0.791723 0.792037 0.792302 0.79002 0.787324 0.788847 0.786808 0.793624 0.79627 0.79715 0.794959 0.794025 0.792199 0.789354 0.791419 0.795001 0.793795 0.790244 0.783571 0.783972 0.788779 0.792715 
0.84627 0.840475 0.836268 0.829903 0.834435 0.834906 0.837466 0.843633 0.840025 0.846859 0.850396 0.849325 0.850106 0.852638 0.856751 0.856036 0.851432 0.848992 0.85571 0.86334 0.85979 0.861018 0.862707 0.862879 0.862765 0.858752 0.856638 0.860379 0.856329 0.85786 0.85814 0.855324 0.854255 0.856367 0.854699 0.854365 0.854687 0.857572 0.84992 0.85525 0.852109 0.851335 0.845598 0.84669 0.839815 0.835373 0.835625 0.840453 0.832625 0.829656 0.825617 
0.84627 0.844245 0.843873 0.839272 0.840101 0.837549 0.832619 0.8314 0.837864 0.841236 0.845624 0.845775 0.841795 0.83825 0.843962 0.84892 0.849827 0.846051 0.845851 0.851075 0.847173 0.848476 0.84728 0.846426 0.842786 0.850031 0.847651 0.843052 0.844088 0.847872 0.854195 0.855787 0.848636 0.856812 0.854547 0.850777 0.848969 0.847694 0.854114 0.854471 0.856914 0.860722 0.860169 0.859436 0.859938 0.859139 0.858931 0.859667 0.860438 0.851226 0.856262 
0.84627 0.847987 0.846349 0.852411 0.848166 0.845839 0.840874 0.83817 0.837319 0.83243 0.827548 0.827707 0.821734 0.824469 0.82513 0.824184 0.825552 0.82097 0.818837 0.815634 0.810871 0.808496 0.814293 0.817083 0.814758 0.813546 0.812784 0.80982 0.802656 0.808881 0.806543 0.800644 0.802005 0.799517 0.794388 0.789121 0.784011 0.783284 0.78346 0.781987 0.779599 0.774412 0.765282 0.762685 0.765955 0.762682 0.760403 0.764253 0.767277 0.763619 0.765086 
0.84627 0.841818 0.835275 0.837069 0.834718 0.835189 0.82934 0.828927 0.827182 0.820661 0.820796 0.822657 0.821903 0.816412 0.816933 0.81499 0.813006 0.817671 0.819871 0.815041 0.810475 0.808713 0.812058 0.812401 0.810494 0.803244 0.803142 0.806049 0.810998 0.813178 0.813152 0.819851 0.823396 0.81965 0.815048 0.808463 0.803269 0.808724 0.8105 0.811395 0.802392 0.80355 0.803388 0.797659 0.798264 0.802877 0.799889 0.799925 0.796569 0.799734 0.798396 
0.84627 0.843378 0.837621 0.837045 0.833447 0.832363 0.836014 0.834142 0.828317 0.827571 0.831386 0.835485 0.835768 0.840055 0.838704 0.837033 0.830274 0.827157 0.826515 0.825265 0.821159 0.819181 0.823634 0.822306 0.822879 0.826982 0.822434 0.82238 0.820832 0.814232 0.814212 0.815045 0.809918 0.803755 0.8045 0.799456 0.798167 0.798077 0.792028 0.796669 0.796726 0.800607 0.796243 0.792393 0.800584 0.798059 0.799476 0.798115 0.793714 0.795597 0.796311 
0.84627 0.843401 0.843021 0.843833 0.846442 0.846116 0.837302 0.833748 0.829491 0.827316 0.823992 0.828131 0.831804 0.828946 0.827848 0.826163 0.823152 0.827718 0.820569 0.823172 0.822059 0.825827 0.82316 0.824588 0.823609 0.828203 0.821048 0.819303 0.812264 0.811462 0.814815 0.816609 0.816361 0.810686 0.809668 0.812422 0.811771 0.808019 0.810116 0.804316 0.803024 0.803307 0.808424 0.804043 0.798401 0.794831 0.796461 0.792676 0.789276 0.788461 0.796521 
0.84627 0.846948 0.846646 0.845467 0.839021 0.834894 0.834684 0.834671 0.834588 0.835972 0.835397 0.826989 0.822903 0.822947 0.82168 0.820626 0.822161 0.825304 0.823994 0.820148 0.817836 0.820002 0.819741 0.815406 0.818609 0.812384 0.815535 0.809027 0.814682 0.817186 0.815569 0.814239 0.812532 0.804499 0.808113 0.809636 0.805018 0.80298 0.804838 0.803204 0.801997 0.807145 0.802519 0.799565 0.799491 0.792527 0.79426 0.791886 0.78661 0.789868 0.794733 
0.84627 0.847197 0.840792 0.841846 0.836437 0.836859 0.839879 0.83927 0.843526 0.837991 0.836951 0.840962 0.841123 0.837416 0.837339 0.840565 0.833164 0.826146 0.825586 0.819144 0.820389 0.815437 0.812832 0.809317 0.810431 0.809221 0.815675 0.818923 0.824379 0.816536 0.821042 0.821234 0.820268 0.8165 0.813835 0.822379 0.8208 0.812857 0.817824 0.824079 0.824353 0.824702 0.828173 0.828215 0.830265 0.828986 0.822979 0.821425 0.823887 0.817123 0.825247 
0.84627 0.843192 0.838689 0.833537 0.836825 0.837762 0.845478 0.847542 0.848029 0.849699 0.847987 0.853313 0.850918 0.853107 0.848913 0.848655 0.842477 0.842256 0.838134 0.836196 0.834087 0.837176 0.836216 0.831935 0.834767 0.834795 0.835204 0.830184 0.832382 0.824676 0.826122 0.820969 0.814342 0.80923 0.800349 0.801407 0.799935 0.807001 0.804641 0.801336 0.802764 0.801979 0.802253 0.805767 0.805504 0.807763 0.804566 0.805103 0.808909 0.809326 0.818347 
0.84627 0.839167 0.834418 0.83314 0.836268 0.834847 0.830237 0.823411 0.822457 0.825289 0.818605 0.822154 0.82343 0.820634 0.825544 0.826054 0.819988 0.816022 0.816716 0.819951 0.813339 0.807512 0.805341 0.807003 0.804251 0.799965 0.80474 0.805487 0.809747 0.810422 0.809761 0.805342 0.802758 0.799891 0.8009 0.802838 0.807944 0.804148 0.796298 0.791588 0.795562 0.801523 0.795508 0.797649 0.796468 0.794528 0.799618 0.797894 0.799417 0.802734 0.801477 
0.84627 0.847413 0.848855 0.844112 0.849702 0.846052 0.843557 0.842974 0.84401 0.840537 0.838906 0.841879 0.844038 0.841666 0.83459 0.837851 0.837236 0.8333 0.831022 0.83068 0.828708 0.822081 0.819595 0.821082 0.81812 0.815401 0.816812 0.816629 0.809167 0.802704 0.805181 0.79554 0.793692 0.791194 0.78857 0.786231 0.791306 0.792572 0.79491 0.795814 0.797263 0.79594 0.794074 0.790234 0.786447 0.783895 0.784344 0.784061 0.785178 0.789478 0.787215 
0.84627 0.842214 0.842989 0.840207 0.83411 0.833906 0.841544 0.839564 0.835636 0.835423 0.835118 0.831541 0.82615 0.823641 0.820727 0.822977 0.828347 0.832538 0.833959 0.824309 0.821369 0.822835 0.815653 0.817995 0.819686 0.816756 0.811583 0.807433 0.808443 0.814049 0.814439 0.817905 0.817624 0.818269 0.81544 0.811166 0.808602 0.81113 0.807723 0.80398 0.797175 0.798801 0.794404 0.785449 0.782553 0.782783 0.780944 0.782816 0.777457 0.781828 0.775251 
0.84627 0.843863 0.847314 0.840514 0.834463 0.832738 0.830975 0.828894 0.822725 0.82192 0.819236 0.823989 0.821811 0.824721 0.821044 0.823764 0.82652 0.820556 0.826473 0.826682 0.828538 0.824473 0.820183 0.821513 0.818948 0.811707 0.815972 0.815189 0.816592 0.817462 0.821141 0.818826 0.823209 0.826027 0.830159 0.828762 0.82287 0.823435 0.829467 0.825342 0.820123 0.821916 0.817767 0.818455 0.821828 0.823817 0.825099 0.823731 0.827699 0.827586 0.826674 
0.84627 0.847847 0.847123 0.844708 0.841162 0.841043 0.836021 0.828696 0.825645 0.822665 0.816994 0.814766 0.815685 0.809578 0.808439 0.802006 0.806293 0.810631 0.815783 0.813814 0.821158 0.81879 0.820914 0.827357 0.826089 0.824632 0.82245 0.8252 0.826482 0.826456 0.827274 0.827575 0.82938 0.819777 0.817104 0.811636 0.815223 0.81712 0.821244 0.817113 0.812328 0.81546 0.816887 0.81632 0.816021 0.810862 0.807895 0.810203 0.810298 0.817284 0.817401 
0.84627 0.845688 0.848316 0.850349 0.84933 0.851655 0.84865 0.849237 0.845881 0.836504 0.839136 0.846588 0.844769 0.852909 0.838142 0.833712 0.83079 0.832067 0.834234 0.832008 0.834108 0.837962 0.833114 0.828479 0.829127 0.831606 0.829463 0.829271 0.827024 0.822851 0.822979 0.824844 0.819907 0.814949 0.805533 0.798525 0.799714 0.801921 0.80566 0.803443 0.801749 0.804778 0.798819 0.80191 0.799338 0.798299 0.800375 0.801812 0.793665 0.796369 0.801562 
0.84627 0.842774 0.838223 0.831545 0.827646 0.826638 0.822688 0.819407 0.813017 0.812611 0.809943 0.804531 0.803593 0.802058 0.805689 0.805991 0.800039 0.794232 0.796134 0.794572 0.795447 0.799062 0.800108 0.796012 0.790975 0.78458 0.785183 0.785224 0.788775 0.792376 0.791827 0.792318 0.787588 0.792693 0.795693 0.793918 0.793838 0.78739 0.784415 0.786773 0.785366 0.785942 0.787234 0.786491 0.787943 0.783027 0.781282 0.784709 0.783893 0.783623 0.773435 
0.84627 0.842859 0.847061 0.845283 0.84586 0.84101 0.84276 0.845648 0.846103 0.84716 0.851864 0.850882 0.849836 0.84503 0.852188 0.8464 0.842514 0.846615 0.849811 0.848995 0.844014 0.841458 0.836907 0.83346 0.837459 0.83723 0.832363 0.843888 0.84753 0.842205 0.84548 0.844659 0.840968 0.844622 0.846282 0.853331 0.844574 0.835916 0.835545 0.833427 0.833208 0.833426 0.839733 0.833922 0.839101 0.83473 0.828318 0.825506 0.823158 0.822641 0.818726 
0.84627 0.844586 0.841123 0.841787 0.836615 0.83491 0.837582 0.836093 0.84072 0.841452 0.842369 0.84332 0.838661 0.844294 0.838334 0.840061 0.835706 0.834097 0.83855 0.837922 0.831163 0.832445 0.8343 0.833007 0.827525 0.829237 0.831172 0.825387 0.824754 0.824698 0.822389 0.827216 0.825166 0.827016 0.825632 0.821161 0.816738 0.811566 0.814963 0.807515 0.807066 0.805383 0.803774 0.799629 0.799655 0.792738 0.788994 0.785916 0.788293 0.79193 0.797722 
0.84627 0.847757 0.848371 0.843153 0.842111 0.840536 0.840245 0.846826 0.846957 0.845824 0.850552 0.848629 0.852351 0.845935 0.845055 0.844131 0.840298 0.840372 0.838404 0.83273 0.831506 0.832729 0.828294 0.828596 0.824146 0.817065 0.818297 0.816389 0.816694 0.816716 0.817852 0.817176 0.819723 0.816734 0.816835 0.819163 0.812584 0.809484 0.803345 0.797637 0.798988 0.7995 0.800616 0.80059 0.804219 0.800228 0.803824 0.801399 0.800871 0.808763 0.809048 
0.84627 0.844498 0.843091 0.844295 0.848535 0.846831 0.844971 0.845177 0.844986 0.832049 0.828728 0.83308 0.831 0.831394 0.828374 0.82438 0.824561 0.82881 0.823095 0.821794 0.826311 0.825877 0.833776 0.831593 0.826943 0.831738 0.827091 0.827054 0.831367 0.834605 0.832788 0.837466 0.843143 0.841025 0.837958 0.837143 0.835177 0.837639 0.832967 0.829321 0.82877 0.833991 0.829724 0.825644 0.82523 0.821 0.81951 0.817298 0.809145 0.803866 0.807199 
0.84627 0.846942 0.84874 0.849509 0.851041 0.848649 0.841303 0.843953 0.83673 0.832471 0.833008 0.835091 0.828835 0.826717 0.819949 0.822403 0.818983 0.824439 0.824303 0.822963 0.827458 0.829177 0.826597 0.821446 0.821311 0.825376 0.826354 0.829284 0.827937 0.827113 0.826209 0.826018 0.82551 0.817584 0.813354 0.811357 0.808603 0.804487 0.797452 0.800361 0.804764 0.803187 0.803982 0.811928 0.817512 0.817017 0.815438 0.816211 0.812438 0.81353 0.814504 
0.84627 0.841643 0.836886 0.832191 0.836083 0.838614 0.841956 0.846115 0.847913 0.847131 0.851603 0.848547 0.850348 0.847694 0.84449 0.841557 0.841383 0.838355 0.83566 0.829531 0.829002 0.823525 0.826809 0.822464 0.818224 0.818359 0.820585 0.816535 0.812001 0.808139 0.80548 0.795949 0.793405 0.792242 0.788824 0.782509 0.780936 0.778582 0.780225 0.782776 0.783363 0.787502 0.781519 0.779829 0.777968 0.778394 0.775737 0.772552 0.771756 0.762448 0.759944 
0.84627 0.841531 0.84284 0.849618 0.847275 0.846999 0.842552 0.833114 0.833622 0.833418 0.831974 0.828067 0.835963 0.83644 0.835162 0.831566 0.832818 0.834034 0.839991 0.837812 0.840799 0.836002 0.832725 0.830299 0.829759 0.830025 0.826182 0.832628 0.827748 0.831811 0.837154 0.83348 0.832122 0.834471 0.830172 0.826558 0.819337 0.820433 0.823753 0.819827 0.820369 0.826524 0.830442 0.835352 0.829197 0.832097 0.836168 0.833568 0.833854 0.84073 0.844193 
0.84627 0.845463 0.841929 0.839911 0.843099 0.849529 0.844678 0.843001 0.846141 0.85492 0.861834 0.861772 0.862456 0.866554 0.867459 0.869453 0.87158 0.868869 0.865566 0.860733 0.863002 0.865548 0.859797 0.859592 0.859414 0.858481 0.862025 0.85948 0.862307 0.864457 0.859667 0.859717 0.861994 0.859089 0.860116 0.859164 0.852963 0.85527 0.850786 0.845939 0.848334 0.843964 0.84048 0.843538 0.836218 0.830592 0.828092 0.825703 0.82004 0.824982 0.824946 
0.84627 0.842073 0.843547 0.844105 0.845531 0.843371 0.842914 0.843385 0.84802 0.848008 0.852144 0.850782 0.848765 0.845981 0.843124 0.841264 0.844303 0.840926 0.833613 0.829031 0.823118 0.828145 0.829622 0.830684 0.831405 0.822394 0.821024 0.819511 0.814915 0.816094 0.809745 0.806764 0.807669 0.806235 0.810532 0.808122 0.811127 0.807493 0.813136 0.806994 0.808458 0.810227 0.807593 0.807836 0.80576 0.802274 0.805412 0.806724 0.799051 0.796224 0.798223 
0.84627 0.849955 0.849799 0.85076 0.841009 0.838947 0.838772 0.839693 0.83724 0.834276 0.834338 0.834402 0.827982 0.831173 0.827248 0.825857 0.822804 0.821418 0.819858 0.815471 0.811255 0.808461 0.808737 0.81072 0.810967 0.811807 0.810825 0.80876 0.808795 0.803718 0.800297 0.796259 0.790104 0.786214 0.786649 0.785011 0.785955 0.782267 0.778595 0.779972 0.773714 0.771002 0.770425 0.768691 0.768935 0.769526 0.76415 0.759078 0.756448 0.751814 0.753534 
0.84627 0.843178 0.843071 0.843359 0.843747 0.843577 0.8428 0.837183 0.835749 0.834179 0.833625 0.835204 0.833296 0.830183 0.832424 0.831423 0.83057 0.826515 0.823121 0.824926 0.824427 0.833146 0.832874 0.836733 0.831293 0.822541 0.817069 0.820798 0.819504 0.823519 0.821968 0.824454 0.828917 0.828867 0.824941 0.825639 0.832538 0.834677 0.82839 0.833416 0.831432 0.832572 0.830229 0.833076 0.832124 0.83576 0.838228 0.835844 0.835439 0.835946 0.839028 
0.84627 0.841357 0.839193 0.840775 0.842485 0.841902 0.839569 0.8417 0.838951 0.835128 0.834141 0.838372 0.844171 0.853673 0.847975 0.846317 0.843976 0.844625 0.836964 0.834571 0.830001 0.826336 0.827045 0.826209 0.819145 0.821557 0.81963 0.818644 0.815923 0.817788 0.814421 0.815683 0.814651 0.820188 0.818839 0.817928 0.813173 0.813756 0.810899 0.807349 0.802173 0.797092 0.805892 0.805479 0.808115 0.80098 0.797407 0.794774 0.795549 0.792252 0.793105 
0.84627 0.845713 0.850609 0.853497 0.857336 0.852683 0.854556 0.854563 0.854246 0.859507 0.863525 0.865248 0.867426 0.876223 0.880392 0.887266 0.885176 0.88331 0.884672 0.881855 0.87504 0.872433 0.872871 0.873123 0.87152 0.865111 0.869675 0.873784 0.876423 0.869019 0.864689 0.862805 0.862133 0.855192 0.854972 0.854081 0.845783 0.842817 0.835326 0.832889 0.824945 0.82525 0.819199 0.818866 0.819709 0.815772 0.813903 0.812201 0.809495 0.814073 0.811353 
0.84627 0.848355 0.846394 0.842242 0.845127 0.848452 0.848595 0.852135 0.852437 0.850012 0.849786 0.84992 0.840254 0.838485 0.83832 0.842311 0.842433 0.840394 0.84724 0.847573 0.848968 0.844924 0.841304 0.841046 0.839773 0.838829 0.838739 0.839044 0.837965 0.834448 0.834357 0.834267 0.838355 0.84018 0.838599 0.835006 0.841402 0.838221 0.832128 0.827004 0.822607 0.825268 0.828527 0.828004 0.827763 0.830743 0.838624 0.840895 0.839967 0.842572 0.836972 
0.84627 0.841379 0.850003 0.849551 0.851644 0.847146 0.847377 0.85433 0.851363 0.847982 0.844463 0.840176 0.840017 0.840669 0.840934 0.838997 0.838094 0.836747 0.835552 0.837517 0.830756 0.82497 0.826908 0.825353 0.826294 0.826897 0.82485 0.828798 0.827055 0.827707 0.816888 0.817015 0.812094 0.8046 0.804773 0.804067 0.801357 0.80732 0.806177 0.803918 0.803317 0.806139 0.805243 0.804131 0.805946 0.806738 0.810342 0.807144 0.810292 0.812018 0.812314 
0.84627 0.841889 0.842952 0.843458 0.847446 0.84585 0.841515 0.835476 0.8373 0.836921 0.84382 0.846284 0.850057 0.849591 0.848398 0.8441 0.838652 0.843605 0.840847 0.847723 0.848583 0.846273 0.83821 0.839067 0.836618 0.833115 0.82377 0.831548 0.827408 0.822615 0.820295 0.819531 0.821897 0.818595 0.81594 0.815554 0.814544 0.814741 0.813479 0.812504 0.808639 0.807688 0.807582 0.809249 0.801677 0.802233 0.799164 0.796707 0.802082 0.801496 0.800471 
0.84627 0.850047 0.854741 0.855177 0.853948 0.853122 0.85239 0.854008 0.853942 0.85005 0.852237 0.854734 0.855364 0.851002 0.857046 0.852591 0.851736 0.848139 0.840909 0.836931 0.835106 0.839581 0.836272 0.830835 0.825144 0.826662 0.832 0.837308 0.830115 0.826006 0.8318 0.829177 0.826842 0.827493 0.829004 0.829748 0.83233 0.827612 0.829169 0.832568 0.838539 0.841623 0.842366 0.83982 0.840337 0.841882 0.843756 0.847514 0.846929 0.840826 0.842148 
0.84627 0.845407 0.845054 0.846571 0.842989 0.840558 0.839806 0.833437 0.833701 0.837598 0.836202 0.841384 0.848808 0.85063 0.852801 0.850852 0.850163 0.851325 0.846812 0.843287 0.842741 0.846556 0.856044 0.861397 0.856623 0.853715 0.851882 0.854304 0.860398 0.864779 0.864987 0.869475 0.872575 0.875553 0.873338 0.876676 0.880163 0.885429 0.883635 0.880447 0.875987 0.871012 0.869403 0.868832 0.87733 0.878092 0.879666 0.877928 0.876373 0.879637 0.879401 
0.84627 0.840965 0.836871 0.836974 0.83234 0.83027 0.826664 0.832012 0.835954 0.842576 0.84077 0.841621 0.837908 0.833172 0.837685 0.834705 0.832974 0.828981 0.83451 0.839244 0.843172 0.83923 0.838737 0.842852 0.83749 0.83142 0.833685 0.828219 0.822255 0.817776 0.813728 0.81338 0.813793 0.816159 0.81346 0.819804 0.816032 0.816582 0.816644 0.817081 0.823346 0.819466 0.816899 0.818328 0.824998 0.830679 0.832507 0.827867 0.824696 0.82311 0.819304 
0.84627 0.84268 0.845694 0.850516 0.855255 0.852035 0.850219 0.857341 0.856403 0.852548 0.857298 0.866149 0.856167 0.856394 0.850827 0.853687 0.850015 0.847665 0.848137 0.85427 0.857479 0.853924 0.854436 0.850107 0.850128 0.84638 0.853991 0.855939 0.854458 0.849086 0.846308 0.844612 0.843143 0.84766 0.84441 0.841593 0.838867 0.834677 0.839225 0.837378 0.840528 0.844943 0.838143 0.837174 0.84179 0.847043 0.84238 0.840061 0.84411 0.848187 0.850146 
0.84627 0.845389 0.852906 0.849036 0.848471 0.843351 0.845329 0.847256 0.849243 0.852868 0.856866 0.853744 0.85567 0.851569 0.848217 0.846223 0.839439 0.839354 0.843699 0.845344 0.848626 0.84927 0.847543 0.848046 0.844589 0.846616 0.847487 0.843519 0.844797 0.846228 0.847394 0.848747 0.844283 0.83673 0.835618 0.837731 0.837317 0.825064 0.821052 0.823567 0.819689 0.816861 0.819371 0.821097 0.821959 0.828251 0.831485 0.828567 0.831602 0.831494 0.833979 
0.84627 0.852475 0.859542 0.86184 0.863215 0.860494 0.859263 0.857436 0.860972 0.862996 0.859219 0.863164 0.863471 0.860458 0.858159 0.859799 0.858558 0.85303 0.859107 0.858805 0.859924 0.862542 0.855047 0.849602 0.847796 0.851915 0.848172 0.849123 0.852016 0.850293 0.852157 0.855064 0.851731 0.851049 0.851711 0.857442 0.852258 0.844683 0.843335 0.837214 0.838953 0.83766 0.833445 0.830754 0.826475 0.821783 0.819015 0.818053 0.815557 0.81274 0.815073 
0.84627 0.839951 0.835637 0.822035 0.820106 0.812188 0.810417 0.811288 0.810265 0.809313 0.816047 0.816734 0.810968 0.806359 0.805947 0.804338 0.806934 0.807798 0.802771 0.798428 0.79481 0.793433 0.795086 0.792816 0.790814 0.787736 0.788057 0.786399 0.787699 0.784751 0.788311 0.785556 0.784767 0.786387 0.787331 0.785957 0.787354 0.787666 0.783084 0.783078 0.78666 0.784856 0.786134 0.780379 0.780137 0.782866 0.792462 0.793748 0.789816 0.783675 0.782791 
0.84627 0.843012 0.845056 0.847407 0.847204 0.847139 0.845521 0.846618 0.845372 0.839218 0.835385 0.8326 0.828756 0.830679 0.834799 0.838845 0.841376 0.841788 0.843504 0.847197 0.845627 0.842528 0.837113 0.840515 0.839634 0.843084 0.846343 0.850072 0.843193 0.8386 0.843523 0.839509 0.838548 0.83241 0.832162 0.828904 0.829906 0.827459 0.824425 0.820537 0.818436 0.821333 0.821663 0.814255 0.815222 0.818785 0.815678 0.811231 0.813965 0.812057 0.810301 
0.84627 0.84607 0.840043 0.84327 0.842176 0.836002 0.83629 0.837245 0.837182 0.837422 0.832405 0.83196 0.831894 0.828293 0.826733 0.82674 0.837887 0.829496 0.828313 0.827468 0.827592 0.82273 0.821187 0.819646 0.820124 0.814837 0.816529 0.816763 0.814534 0.819113 0.818769 0.81977 0.818297 0.816619 0.812787 0.811382 0.804527 0.802147 0.802292 0.79755 0.79824 0.795568 0.79616 0.795094 0.794893 0.790529 0.790535 0.793879 0.791885 0.791542 0.790394 
0.84627 0.841797 0.837385 0.831273 0.827628 0.823407 0.815885 0.811697 0.810232 0.808743 0.807357 0.804264 0.803249 0.803312 0.800069 0.800838 0.798277 0.800188 0.797017 0.802083 0.797533 0.802017 0.80261 0.796848 0.790306 0.792384 0.789896 0.792228 0.796986 0.790737 0.790698 0.793337 0.79468 0.798366 0.797245 0.797831 0.797309 0.794692 0.79087 0.790516 0.792828 0.785213 0.785688 0.789145 0.789135 0.791051 0.795095 0.7923 0.790415 0.792855 0.792655 
0.84627 0.848306 0.847342 0.840517 0.832871 0.832626 0.836156 0.831416 0.829244 0.82618 0.824719 0.82283 0.826036 0.825977 0.82749 0.831245 0.834472 0.833461 0.828888 0.83472 0.830197 0.828613 0.822686 0.820694 0.822588 0.822951 0.822215 0.820138 0.822703 0.816739 0.812 0.812053 0.811314 0.805207 0.805044 0.805616 0.805566 0.804315 0.804599 0.808928 0.804408 0.809223 0.81021 0.811556 0.811176 0.808202 0.807752 0.815489 0.813657 0.815823 0.814465 
0.84627 0.848183 0.850209 0.850567 0.85106 0.841174 0.837019 0.837711 0.836674 0.831533 0.82291 0.821706 0.820156 0.821363 0.819808 0.82169 0.823096 0.819568 0.820289 0.825381 0.830611 0.831809 0.829281 0.82277 0.825327 0.82316 0.826871 0.828429 0.826001 0.824556 0.823774 0.824356 0.823263 0.829483 0.835081 0.833278 0.831291 0.832201 0.828439 0.824938 0.822764 0.826796 0.821219 0.824671 0.820985 0.819366 0.823736 0.819102 0.822043 0.815182 0.810183 
0.84627 0.850015 0.837364 0.839964 0.839357 0.841412 0.839253 0.832553 0.838038 0.841781 0.840799 0.838987 0.843206 0.844714 0.845773 0.848512 0.838835 0.837235 0.837781 0.835665 0.834735 0.829041 0.823238 0.822385 0.823368 0.824441 0.821408 0.815039 0.821233 0.81744 0.8159 0.817088 0.820579 0.816849 0.816978 0.817439 0.817404 0.814625 0.81431 0.81991 0.819814 0.815299 0.814114 0.818824 0.813205 0.812796 0.808775 0.813212 0.815566 0.812695 0.810427 
0.84627 0.841576 0.832334 0.827906 0.822417 0.826649 0.828378 0.823843 0.822253 0.820175 0.823718 0.827958 0.822082 0.814197 0.810314 0.808869 0.810032 0.806297 0.8091 0.804971 0.801422 0.806405 0.805998 0.80941 0.80789 0.808036 0.811601 0.811994 0.811738 0.809186 0.809645 0.803744 0.798248 0.800404 0.805826 0.804854 0.802046 0.799296 0.801345 0.806556 0.808089 0.804753 0.804374 0.806759 0.801272 0.803581 0.803135 0.806874 0.808285 0.800913 0.801788 
0.84627 0.841775 0.8387 0.83221 0.832594 0.834453 0.832265 0.831995 0.829337 0.82541 0.827277 0.831336 0.833966 0.834067 0.832501 0.823758 0.829291 0.831605 0.823411 0.820243 0.818673 0.819283 0.811161 0.811701 0.812306 0.812636 0.808175 0.805114 0.808352 0.810405 0.812387 0.811071 0.813481 0.809464 0.809849 0.809189 0.810301 0.817739 0.81454 0.806928 0.800555 0.799794 0.795688 0.790763 0.790814 0.788593 0.788072 0.793633 0.791818 0.78824 0.785148 
0.84627 0.845248 0.846303 0.846402 0.846619 0.841518 0.833667 0.843488 0.842974 0.845907 0.842595 0.848979 0.842656 0.836811 0.834451 0.839192 0.838038 0.841514 0.84017 0.834329 0.82852 0.827333 0.826993 0.833649 0.835878 0.831294 0.830804 0.832777 0.830039 0.829503 0.823658 0.816237 0.819184 0.810876 0.805651 0.804409 0.809535 0.809046 0.807678 0.802534 0.798285 0.803944 0.801529 0.802861 0.805208 0.799137 0.799334 0.7902 0.795367 0.797869 0.796611 
0.84627 0.844942 0.840684 0.838716 0.842629 0.840837 0.846989 0.84846 0.850404 0.853247 0.850056 0.852367 0.846482 0.848209 0.844329 0.846469 0.851119 0.849698 0.851393 0.854455 0.845231 0.843313 0.845996 0.852686 0.853436 0.842074 0.843121 0.842304 0.844017 0.833327 0.827554 0.822347 0.821443 0.820884 0.819399 0.821183 0.820994 0.827984 0.821522 0.815421 0.82405 0.826248 0.832009 0.8309 0.823481 0.820621 0.821983 0.816424 0.815606 0.810159 0.806933 
0.84627 0.847468 0.853517 0.85769 0.856431 0.853182 0.854989 0.855599 0.862533 0.864906 0.87208 0.874301 0.875173 0.878195 0.881292 0.882208 0.877731 0.879221 0.88147 0.882646 0.884118 0.882194 0.885299 0.881064 0.876106 0.873097 0.867597 0.864432 0.866125 0.867596 0.864418 0.863722 0.86381 0.865799 0.863232 0.860746 0.863262 0.856177 0.853008 0.844533 0.842072 0.842117 0.841781 0.842715 0.847309 0.846302 0.844238 0.842119 0.841323 0.842182 0.835954 
0.84627 0.847555 0.847846 0.853278 0.851605 0.854267 0.844619 0.849329 0.843897 0.846091 0.838974 0.838286 0.8395 0.835324 0.838412 0.843656 0.839535 0.837579 0.83681 0.831039 0.834456 0.833304 0.836898 0.831793 0.827456 0.830319 0.827973 0.825927 0.82019 0.814264 0.814449 0.812581 0.810294 0.805589 0.810936 0.811429 0.811597 0.807382 0.798479 0.795585 0.796509 0.795786 0.798261 0.801501 0.794906 0.794862 0.794572 0.791005 0.793531 0.787924 0.788133 
0.84627 0.846888 0.841292 0.847209 0.843132 0.840225 0.848343 0.845747 0.837582 0.837171 0.834384 0.832624 0.827762 0.828744 0.830561 0.826713 0.826667 0.831474 0.835353 0.83872 0.838522 0.837168 0.833857 0.833605 0.83597 0.837581 0.838709 0.841429 0.838883 0.836135 0.842615 0.841951 0.84021 0.841862 0.83732 0.832325 0.830567 0.831047 0.835576 0.84117 0.836373 0.831099 0.826791 0.827284 0.830447 0.822697 0.820592 0.822253 0.817361 0.816141 0.815682 
0.84627 0.844274 0.841774 0.838558 0.837427 0.842956 0.837881 0.832349 0.829018 0.832582 0.831374 0.8305 0.832109 0.832035 0.836541 0.832818 0.833686 0.832524 0.831691 0.829319 0.826057 0.8285 0.823157 0.819183 0.815701 0.813524 0.814763 0.814395 0.810293 0.809284 0.81018 0.806258 0.801241 0.808209 0.808893 0.80423 0.799987 0.798098 0.800899 0.802176 0.80209 0.799271 0.794587 0.795556 0.79085 0.788881 0.789246 0.787921 0.785803 0.789085 0.787815 
0.84627 0.840619 0.834404 0.837341 0.836652 0.8363 0.833466 0.833647 0.838871 0.834077 0.832357 0.829873 0.831608 0.834782 0.839334 0.833911 0.835566 0.829738 0.8286 0.830468 0.831022 0.827444 0.827267 0.830472 0.829065 0.834923 0.831008 0.825289 0.821791 0.814981 0.814966 0.816051 0.813133 0.811574 0.813872 0.815437 0.808716 0.814565 0.812582 0.814052 0.818331 0.812113 0.814046 0.815239 0.817995 0.816875 0.814311 0.81141 0.810037 0.811027 0.811551 
0.84627 0.845125 0.847101 0.84475 0.850597 0.843415 0.847545 0.847119 0.848074 0.847285 0.850514 0.845733 0.846879 0.846163 0.843256 0.846298 0.845437 0.835947 0.834885 0.838375 0.838483 0.839265 0.841618 0.841472 0.835106 0.834739 0.829915 0.82538 0.823705 0.829287 0.827205 0.820038 0.819871 0.820906 0.816281 0.814704 0.807292 0.807634 0.811147 0.807843 0.808732 0.808383 0.809149 0.809127 0.813423 0.805657 0.807064 0.800174 0.808667 0.801216 0.799236 
0.84627 0.844733 0.846244 0.851512 0.856816 0.857264 0.862199 0.865132 0.857681 0.863245 0.863031 0.865137 0.860937 0.865676 0.857306 0.851047 0.849989 0.859187 0.861619 0.857332 0.857069 0.854319 0.850923 0.84823 0.84742 0.842553 0.837691 0.837319 0.837904 0.838199 0.834868 0.829219 0.825014 0.827849 0.833228 0.824454 0.821397 0.826438 0.8253 0.823601 0.819132 0.823147 0.824287 0.816279 0.811301 0.816636 0.812842 0.819295 0.815127 0.810496 0.811144 
0.84627 0.845619 0.844411 0.849045 0.847029 0.850572 0.850202 0.844897 0.849117 0.85271 0.851537 0.846499 0.845864 0.845281 0.853006 0.856002 0.850905 0.841012 0.844022 0.84507 0.841422 0.839328 0.8399 0.846919 0.844075 0.846051 0.844932 0.844519 0.84562 0.844909 0.84151 0.846667 0.84621 0.844103 0.843828 0.840979 0.838891 0.836807 0.83557 0.825313 0.821754 0.827732 0.824665 0.824394 0.829449 0.828059 0.825985 0.826909 0.833573 0.833586 0.82393 
0.84627 0.852669 0.851599 0.85416 0.85609 0.849863 0.847117 0.846611 0.843238 0.840663 0.839168 0.835456 0.833066 0.829919 0.827785 0.827427 0.830177 0.831327 0.825643 0.831051 0.834204 0.828888 0.822931 0.818774 0.824126 0.824979 0.821596 0.822612 0.820167 0.811741 0.811631 0.816422 0.813952 0.807262 0.811478 0.812357 0.807917 0.800355 0.796503 0.797428 0.79587 0.793414 0.794722 0.798972 0.798352 0.799363 0.796794 0.794621 0.788199 0.787538 0.787309 
0.84627 0.850392 0.851901 0.850578 0.851942 0.852364 0.851122 0.854118 0.85218 0.851742 0.856851 0.852538 0.844659 0.846232 0.845774 0.848186 0.846808 0.843781 0.839564 0.829024 0.826702 0.829118 0.831367 0.831458 0.834142 0.824104 0.825488 0.831447 0.830257 0.828762 0.834257 0.833501 0.827218 0.822908 0.819271 0.823063 0.821582 0.822187 0.822443 0.816097 0.81616 0.818088 0.813229 0.811534 0.809686 0.811677 0.809216 0.808045 0.809894 0.806294 0.807227 
0.84627 0.838171 0.831966 0.829061 0.831416 0.828172 0.828896 0.831788 0.827699 0.828969 0.831233 0.836804 0.834381 0.835372 0.838573 0.833248 0.831921 0.831791 0.825849 0.819041 0.813043 0.815192 0.819439 0.824798 0.824001 0.829006 0.825225 0.818846 0.827252 0.824841 0.82163 0.818086 0.814321 0.814799 0.811076 0.808471 0.805721 0.803215 0.801696 0.797975 0.79914 0.79953 0.800651 0.803881 0.802702 0.808439 0.805322 0.809306 0.808427 0.803828 0.804176 
0.84627 0.842216 0.843393 0.83948 0.833022 0.832019 0.827472 0.829098 0.820125 0.811413 0.808827 0.804141 0.805121 0.805096 0.8046 0.80277 0.803564 0.79731 0.802803 0.804337 0.809996 0.809685 0.803535 0.803105 0.795819 0.794138 0.788432 0.796618 0.796021 0.801022 0.800104 0.803328 0.802272 0.805265 0.806019 0.797872 0.796824 0.795075 0.793201 0.788132 0.785755 0.782935 0.777703 0.771772 0.768407 0.77009 0.767614 0.764553 0.764594 0.762181 0.76409 
0.84627 0.84634 0.842197 0.849304 0.848488 0.856249 0.858081 0.855892 0.85355 0.855282 0.856645 0.855399 0.853217 0.850689 0.857275 0.861437 0.86577 0.858526 0.855522 0.856357 0.851925 0.858175 0.856929 0.863294 0.864036 0.859339 0.855247 0.847613 0.846722 0.843429 0.845846 0.840323 0.839863 0.841571 0.844206 0.843928 0.839717 0.826156 0.826619 0.830765 0.837114 0.838059 0.832736 0.82724 0.823461 0.820452 0.823202 0.820598 0.819579 0.820889 0.82402 
0.84627 0.846773 0.85379 0.850445 0.844019 0.844713 0.850358 0.851766 0.854438 0.855742 0.855855 0.852241 0.855038 0.851192 0.844586 0.845245 0.847914 0.849489 0.852643 0.856645 0.850483 0.852946 0.851475 0.848355 0.843755 0.839921 0.837921 0.836203 0.838223 0.834416 0.836682 0.837353 0.833514 0.832802 0.82839 0.827114 0.826696 0.826327 0.820085 0.821973 0.826333 0.82401 0.830325 0.830459 0.829258 0.832542 0.835405 0.839348 0.844066 0.853773 0.854474 
0.84627 0.844966 0.840216 0.838917 0.837444 0.83415 0.833141 0.837455 0.83607 0.829019 0.827653 0.824172 0.824042 0.82572 0.823203 0.825945 0.822635 0.819937 0.816899 0.821318 0.819929 0.825241 0.824178 0.823752 0.828234 0.830957 0.820757 0.819727 0.821126 0.819353 0.818437 0.813143 0.81558 0.819623 0.815011 0.814103 0.818733 0.822475 0.825457 0.816967 0.820224 0.822086 0.82334 0.814804 0.813092 0.803153 0.804355 0.80846 0.804293 0.800857 0.796243 
0.84627 0.841854 0.838576 0.836065 0.836162 0.83789 0.836962 0.833884 0.82939 0.829081 0.829032 0.827601 0.827504 0.829391 0.825677 0.822174 0.818711 0.807101 0.805718 0.799794 0.79571 0.795306 0.794186 0.795521 0.792349 0.79132 0.791617 0.796201 0.800961 0.802637 0.802082 0.802487 0.802339 0.805216 0.802276 0.808644 0.806855 0.812136 0.806323 0.810231 0.809503 0.811374 0.814243 0.814362 0.815747 0.811059 0.810253 0.808533 0.811352 0.807948 0.809337 
0.84627 0.853089 0.85495 0.851632 0.846438 0.846215 0.850823 0.85044 0.844147 0.846437 0.845185 0.845142 0.848163 0.849886 0.844285 0.847611 0.850661 0.853583 0.84337 0.845809 0.840208 0.838056 0.837327 0.842263 0.844068 0.84107 0.844507 0.850343 0.851603 0.844118 0.847111 0.846483 0.843435 0.844773 0.840177 0.844548 0.843433 0.841618 0.836806 0.836555 0.838561 0.836024 0.838582 0.840556 0.840573 0.843675 0.841949 0.841439 0.842879 0.841043 0.832528 
0.84627 0.848392 0.844122 0.846864 0.845025 0.842254 0.845994 0.843482 0.846997 0.84661 0.844487 0.848394 0.848057 0.849272 0.84618 0.842879 0.835342 0.83896 0.843618 0.848088 0.849354 0.847132 0.844026 0.84237 0.845334 0.850062 0.849121 0.847149 0.850695 0.843426 0.84684 0.843653 0.837777 0.842103 0.847028 0.851196 0.84912 0.848015 0.843846 0.850296 0.835783 0.835824 0.837641 0.834422 0.839381 0.841594 0.842311 0.844337 0.843984 0.849199 0.848444 
0.84627 0.846741 0.852092 0.853472 0.838225 0.836884 0.837662 0.836731 0.840233 0.836871 0.840256 0.842124 0.843448 0.843463 0.839114 0.840842 0.834036 0.831314 0.823173 0.821759 0.822798 0.823507 0.828104 0.827842 0.827148 0.823311 0.823634 0.824446 0.81917 0.820998 0.824227 0.819891 0.823501 0.825789 0.827799 0.827401 0.833247 0.824281 0.825543 0.825204 0.821899 0.816641 0.815867 0.82112 0.815011 0.811855 0.809987 0.805647 0.804757 0.804565 0.799678 
0.84627 0.846817 0.848667 0.850031 0.845317 0.846761 0.84344 0.842215 0.841482 0.839289 0.83139 0.824788 0.829957 0.829301 0.837926 0.84082 0.839695 0.840052 0.838642 0.834727 0.830291 0.824222 0.826537 0.819893 0.82541 0.823209 0.819432 0.819301 0.817404 0.819918 0.820329 0.82099 0.822146 0.829729 0.832216 0.829325 0.832516 0.824822 0.822543 0.819763 0.823296 0.821808 0.826213 0.826493 0.820641 0.821866 0.819541 0.811574 0.818797 0.823757 0.825489 
0.84627 0.842733 0.84213 0.843005 0.84173 0.843292 0.849728 0.853715 0.862975 0.861759 0.861586 0.868537 0.865871 0.866187 0.859447 0.854511 0.861272 0.858144 0.851266 0.854148 0.849061 0.849681 0.849068 0.853519 0.850826 0.846545 0.847575 0.849956 0.848848 0.84146 0.837805 0.831831 0.837685 0.836526 0.845151 0.836822 0.839063 0.834224 0.83569 0.83248 0.830855 0.830493 0.834837 0.832651 0.837146 0.831346 0.827916 0.832145 0.829691 0.829644 0.826361 
0.84627 0.847736 0.844002 0.840765 0.837744 0.836674 0.83336 0.832476 0.831163 0.832379 0.825838 0.824713 0.823973 0.823402 0.824904 0.826265 0.824426 0.827304 0.830787 0.836255 0.840268 0.839687 0.845789 0.846482 0.845284 0.846306 0.847064 0.84423 0.843709 0.842631 0.839975 0.840682 0.84509 0.841755 0.839794 0.838078 0.828276 0.824296 0.824817 0.826693 0.827856 0.827685 0.823214 0.82462 0.828621 0.828118 0.829623 0.837578 0.834796 0.831228 0.834583 
0.84627 0.843586 0.84468 0.843836 0.840476 0.838393 0.840163 0.840743 0.844109 0.84026 0.8367 0.838517 0.838344 0.837467 0.839314 0.834812 0.831817 0.828269 0.825131 0.82513 0.826758 0.832033 0.831362 0.830412 0.828708 0.823414 0.822321 0.818532 0.812662 0.811485 0.811277 0.807648 0.805701 0.807955 0.809621 0.811294 0.817132 0.816172 0.819703 0.820432 0.820285 0.819919 0.814188 0.814712 0.818268 0.820693 0.821303 0.821776 0.831131 0.831269 0.827123 
0.84627 0.848648 0.849068 0.844298 0.85311 0.851803 0.848692 0.841381 0.84228 0.848338 0.848668 0.849102 0.852918 0.860884 0.86378 0.858128 0.857593 0.8629 0.859474 0.868347 0.871485 0.874853 0.870305 0.866411 0.871269 0.867896 0.864123 0.855785 0.855534 0.85404 0.85033 0.848851 0.851783 0.851875 0.851474 0.848559 0.848653 0.856787 0.862006 0.860865 0.864757 0.863065 0.858756 0.863082 0.870133 0.864306 0.865204 0.861905 0.863759 0.858136 0.861952 
0.84627 0.84496 0.843708 0.841596 0.843735 0.844201 0.841884 0.845811 0.84136 0.832719 0.82872 0.827105 0.826577 0.826136 0.829201 0.831693 0.827927 0.8297 0.832961 0.824243 0.82038 0.820999 0.815847 0.818538 0.817367 0.813081 0.815869 0.817583 0.816597 0.812957 0.814295 0.809348 0.805227 0.79786 0.793966 0.802336 0.800276 0.806764 0.806687 0.806509 0.811376 0.813121 0.817406 0.816974 0.817762 0.80867 0.800079 0.798349 0.797419 0.796727 0.800348 
0.84627 0.84561 0.846478 0.844274 0.840729 0.840217 0.843387 0.841631 0.842009 0.836213 0.832324 0.829052 0.82787 0.822197 0.822871 0.8248 0.821446 0.819981 0.817221 0.817341 0.82082 0.825649 0.829694 0.829818 0.832091 0.829393 0.828988 0.823378 0.825051 0.826794 0.824721 0.826441 0.820141 0.819963 0.819421 0.817527 0.820102 0.818904 0.81828 0.819974 0.819329 0.814084 0.818006 0.814881 0.812494 0.816445 0.812341 0.80861 0.807558 0.802098 0.802707 
0.84627 0.843634 0.843797 0.839819 0.84136 0.84281 0.837863 0.838211 0.839347 0.834909 0.829651 0.828708 0.83256 0.826942 0.825985 0.82485 0.82269 0.821009 0.816685 0.81421 0.807362 0.812162 0.801972 0.79781 0.800218 0.80222 0.805279 0.806487 0.804937 0.804221 0.804547 0.8058 0.808129 0.804918 0.796554 0.794226 0.789436 0.785371 0.790625 0.792314 0.793541 0.788651 0.783512 0.78097 0.783333 0.784502 0.784289 0.777692 0.780787 0.783391 0.783224 
0.84627 0.849229 0.850844 0.85295 0.856304 0.856729 0.85885 0.853576 0.853597 0.853772 0.85187 0.858156 0.861866 0.855239 0.850008 0.848098 0.848929 0.84205 0.843334 0.830548 0.833766 0.834479 0.833232 0.836056 0.834892 0.836533 0.84329 0.846842 0.85575 0.862373 0.866261 0.859299 0.862504 0.861204 0.863775 0.86498 0.866419 0.864887 0.864474 0.866584 0.861159 0.859116 0.856164 0.849502 0.849552 0.84274 0.845374 0.84545 0.840815 0.844854 0.837612 
0.84627 0.835454 0.834564 0.833353 0.831626 0.829598 0.829417 0.82853 0.826394 0.829709 0.818827 0.821083 0.82515 0.826411 0.830115 0.828136 0.821227 0.819888 0.818898 0.816717 0.814835 0.812386 0.813904 0.81285 0.818372 0.813613 0.810758 0.807425 0.806525 0.809613 0.806853 0.809671 0.804227 0.793842 0.79103 0.794894 0.799145 0.796285 0.794708 0.798365 0.794221 0.790431 0.787122 0.790209 0.78248 0.778613 0.771332 0.768665 0.76736 0.762851 0.759963 
0.84627 0.848128 0.847429 0.835683 0.836332 0.832332 0.828421 0.825977 0.827354 0.82159 0.813158 0.818041 0.813665 0.804921 0.814375 0.818215 0.823012 0.822842 0.824239 0.824978 0.820836 0.81704 0.815243 0.812818 0.81461 0.81899 0.814226 0.814929 0.818087 0.813417 0.804379 0.805487 0.804763 0.813013 0.808524 0.804213 0.803124 0.801816 0.800608 0.805789 0.807783 0.809438 0.805041 0.803734 0.799547 0.793306 0.793233 0.794934 0.792373 0.791329 0.789628 
0.84627 0.850687 0.850056 0.844443 0.839323 0.838384 0.841876 0.835492 0.837118 0.836022 0.837928 0.835597 0.834326 0.834407 0.833042 0.837976 0.839469 0.838052 0.837918 0.833615 0.827836 0.825957 0.828291 0.828864 0.823923 0.81881 0.818745 0.821256 0.818249 0.821622 0.827304 0.825792 0.829937 0.829107 0.829248 0.821542 0.819856 0.821178 0.820012 0.818014 0.812516 0.810527 0.808601 0.812873 0.817457 0.818128 0.809865 0.8155 0.813703 0.813513 0.809575 
0.84627 0.845396 0.847927 0.848954 0.845465 0.847536 0.845687 0.844839 0.842784 0.842696 0.839283 0.830865 0.827968 0.830707 0.826448 0.828603 0.824143 0.826979 0.82448 0.823687 0.820004 0.818951 0.811246 0.813531 0.807172 0.801697 0.798007 0.799882 0.799974 0.796189 0.797069 0.793534 0.786242 0.782571 0.781877 0.786778 0.78927 0.788256 0.78688 0.784651 0.78203 0.779235 0.777949 0.778137 0.779458 0.774352 0.773739 0.771755 0.7696 0.768731 0.773671 
0.84627 0.854159 0.842628 0.848411 0.846972 0.850359 0.856699 0.853564 0.855131 0.856168 0.860315 0.861356 0.863908 0.867107 0.873113 0.876552 0.871629 0.874177 0.871853 0.867649 0.86304 0.860984 0.86028 0.858575 0.855541 0.854719 0.848849 0.850625 0.847784 0.846976 0.849404 0.846402 0.84186 0.83538 0.831626 0.83375 0.836946 0.833611 0.831702 0.832068 0.832158 0.826885 0.833205 0.830095 0.828315 0.825387 0.823376 0.823742 0.819261 0.823974 0.822493 
0.84627 0.849048 0.858626 0.862508 0.857512 0.862285 0.858803 0.855183 0.855603 0.857705 0.855031 0.856546 0.852174 0.851477 0.843527 0.847215 0.84873 0.850151 0.847474 0.848238 0.836913 0.835811 0.831702 0.830313 0.8289 0.833546 0.82866 0.822371 0.819068 0.815112 0.816028 0.80837 0.808044 0.805118 0.806389 0.803094 0.801986 0.794654 0.79764 0.794894 0.795226 0.799283 0.793575 0.792176 0.796882 0.799664 0.801549 0.801766 0.799694 0.801049 0.802904 
0.84627 0.845677 0.844758 0.842511 0.832498 0.835673 0.829653 0.825797 0.821204 0.817613 0.817552 0.817251 0.808408 0.804934 0.80393 0.810948 0.810984 0.812519 0.819476 0.822356 0.822507 0.827084 0.825393 0.826269 0.825366 0.824162 0.819514 0.815037 0.807687 0.812571 0.809267 0.81503 0.822541 0.823795 0.827859 0.832193 0.832158 0.822269 0.819884 0.814864 0.811767 0.813151 0.81446 0.811576 0.814393 0.81664 0.815817 0.811589 0.819968 0.82135 0.816789 
0.84627 0.84132 0.844426 0.84117 0.833579 0.832127 0.83107 0.83366 0.83776 0.837562 0.830614 0.827437 0.826037 0.824156 0.815055 0.811921 0.810384 0.808738 0.806364 0.805115 0.810531 0.803021 0.803936 0.805485 0.80675 0.806542 0.806199 0.812021 0.810886 0.817311 0.822339 0.82177 0.815578 0.813739 0.801601 0.800096 0.800788 0.806431 0.803803 0.797713 0.792073 0.786713 0.783642 0.783967 0.789828 0.789043 0.788047 0.788891 0.783511 0.784745 0.789511 
0.84627 0.84984 0.848778 0.848026 0.843817 0.838897 0.838025 0.842724 0.847017 0.842801 0.839061 0.827942 0.827712 0.827772 0.827965 0.822123 0.818123 0.822817 0.823167 0.819668 0.821661 0.823238 0.823486 0.824869 0.828526 0.825847 0.827372 0.828109 0.834002 0.831735 0.830333 0.830616 0.824588 0.823854 0.827823 0.83012 0.8297 0.824529 0.82695 0.820937 0.819751 0.817349 0.813408 0.816658 0.81647 0.807325 0.802761 0.798412 0.793287 0.790388 0.794737 
0.84627 0.853265 0.852882 0.854736 0.853184 0.844945 0.840425 0.838174 0.833332 0.829003 0.817488 0.815212 0.815552 0.814952 0.818732 0.819906 0.819175 0.821778 0.825462 0.823928 0.828517 0.82466 0.821124 0.816694 0.817058 0.814044 0.820265 0.811994 0.811195 0.810792 0.814127 0.81631 0.810322 0.810986 0.805805 0.810757 0.804956 0.807835 0.801986 0.802758 0.804314 0.80855 0.804491 0.805748 0.806175 0.79988 0.799317 0.797903 0.797763 0.801497 0.807784 
0.84627 0.845147 0.838676 0.834117 0.835562 0.83172 0.830231 0.826648 0.830249 0.833942 0.836618 0.841207 0.842109 0.845892 0.836605 0.838183 0.836999 0.837371 0.836771 0.835743 0.8349 0.834624 0.831979 0.829128 0.830919 0.829173 0.822819 0.823589 0.823667 0.822424 0.830646 0.83673 0.840204 0.83037 0.825629 0.827819 0.824175 0.823518 0.824876 0.825983 0.820109 0.819592 0.816998 0.813538 0.813449 0.812419 0.815114 0.814937 0.813038 0.814918 0.809338 
0.84627 0.845671 0.846354 0.839905 0.836719 0.831872 0.827671 0.828985 0.826375 0.821713 0.822266 0.819168 0.814619 0.810283 0.809244 0.810208 0.812354 0.814474 0.814203 0.816531 0.81661 0.818331 0.820883 0.817051 0.813616 0.812898 0.809814 0.813078 0.809175 0.807803 0.803319 0.801086 0.796744 0.799779 0.795916 0.794756 0.788358 0.790379 0.785382 0.785435 0.78603 0.787096 0.787503 0.790616 0.792769 0.796071 0.792294 0.795181 0.79813 0.803409 0.81113 
0.84627 0.842653 0.84421 0.837134 0.832 0.831982 0.832617 0.829826 0.835887 0.834456 0.836114 0.830048 0.829306 0.830499 0.831626 0.833172 0.838881 0.8418 0.841765 0.844317 0.846766 0.850137 0.847708 0.846388 0.840913 0.840563 0.845503 0.84787 0.848107 0.853763 0.85203 0.857025 0.858593 0.853638 0.85061 0.845566 0.843176 0.835026 0.838761 0.833188 0.829327 0.827985 0.831215 0.833406 0.835557 0.826572 0.827895 0.827397 0.825264 0.813761 0.815103 
0.84627 0.849527 0.849872 0.846848 0.845373 0.846452 0.846731 0.844363 0.843008 0.842917 0.840722 0.837109 0.837502 0.837568 0.843587 0.839414 0.832553 0.834366 0.832299 0.831215 0.822755 0.828381 0.830141 0.823553 0.818525 0.816286 0.813753 0.816363 0.817363 0.812319 0.803772 0.808456 0.802228 0.801099 0.800579 0.802361 0.803729 0.800208 0.79999 0.793871 0.795258 0.79132 0.792925 0.795196 0.7988 0.801748 0.801193 0.795096 0.792129 0.789443 0.786424 
0.84627 0.852411 0.851431 0.850278 0.852549 0.858884 0.866779 0.866793 0.870711 0.871988 0.874884 0.877527 0.878104 0.879173 0.878555 0.88115 0.87948 0.87778 0.881526 0.883897 0.887125 0.886806 0.886904 0.885048 0.884809 0.887411 0.892634 0.889934 0.891736 0.884632 0.881782 0.87883 0.877875 0.877991 0.878721 0.878224 0.877764 0.875285 0.878699 0.877059 0.875405 0.870083 0.872783 0.870946 0.869233 0.870045 0.867822 0.869806 0.87481 0.876816 0.876742 
0.84627 0.846933 0.845825 0.842792 0.839704 0.839675 0.845597 0.8474 0.843802 0.843571 0.843325 0.835758 0.842303 0.8393 0.838184 0.831836 0.832968 0.833698 0.833818 0.835095 0.833155 0.828405 0.824111 0.827249 0.824355 0.830207 0.825619 0.826672 0.819054 0.813696 0.811333 0.811442 0.810824 0.812828 0.812218 0.810965 0.810036 0.807669 0.805633 0.805016 0.801976 0.802554 0.798383 0.798539 0.792792 0.787257 0.789752 0.791226 0.787367 0.781824 0.778757 
