AAPL,0.2719211813882405,0.33809235031605317,0.8042807864006536,0.6086679705161772,0.7043046677324747,0.8171077594549829,0.8619483288253819,0.3730171003615269
MSFT,0.17611315166116137,0.1768985566744262,0.9955601389404758,0.5794214365187291,0.48988646823383486,0.42066870589284555,1.1645422190226358,0.4149853483920239
AMZN,0.24430406757596845,0.2345077872722894,1.0417737953081467,0.6525493683306758,0.5482611520058498,0.47287644774297083,1.1594173374941563,0.38531221491829065
NVDA,0.3024597135896845,0.6697351387463014,0.4516109370576979,0.8507841178253499,0.9728548453881094,1.161316575361597,0.8377171789571619,0.5234528528128435
GOOGL,0.14773824644163702,0.2124053664552935,0.695548558434057,0.6529470252853888,0.5272888788443442,0.41286290276331555,1.2771524768032412,0.36893305253166436
TSLA,0.47729477236608364,1.6955157312981015,0.2815041839810372,0.7363226776230083,0.9621998458857248,1.1208229454805436,0.8584762203214795,0.6851695572051048
META,0.23866845228299383,0.4565171682847187,0.5228027966171517,0.7673608878053887,0.8570772052632343,0.7235719580700998,1.1845085975266616,0.42096244078246475
GOOG,0.14837815973177837,0.21817798554050127,0.6800785118819164,0.6529470252853888,0.4747654104804937,0.45887195702993855,1.0346359223026527,0.3484041644967686
BRK-B,0.09637347902458826,0.1768546218862822,0.5449305084407494,0.538615068622399,0.31222609850132055,0.2590245858619235,1.2053917486726793,0.28469974165656137
UNH,0.156224692911487,0.24014869186255908,0.6505331830035405,0.7234399618262193,0.4310696394794655,0.5738723418990986,0.7511594617941328,0.4969059213853876
XOM,0.05005919139239712,0.23844460130670722,0.20994055272405532,0.6239603192342585,0.1343900982622097,0.26314468241244493,0.5107080144282405,0.5365211975621691
JNJ,0.0899105348131739,0.12986997177598056,0.692311960830062,0.3439939634415166,0.18934379301988247,0.19326022699858578,0.9797349199081093,0.22527634093855678
JPM,0.09252989908763354,0.262360691423196,0.35268202178343827,0.6814827960169575,0.4573298261100591,0.3950479069939667,1.157656623446036,0.6841498525349937
V,0.23916471224213764,0.29780380855088806,0.8030948744608473,0.36364848167915054,0.42946962495874885,0.25379169520939543,1.6922130749960402,0.2566263781805514
LLY,0.16257490530288554,0.2129690933663401,0.7633732328626263,0.5075847848284476,0.28618896898987134,0.3290233334735263,0.8698135964053094,0.32529159887226433
AVGO,0.34748839172849055,0.35998529470692336,0.9652849625743547,0.4829999600351691,0.4549549478294068,0.2999784462726161,1.5166254558700871,0.43986139633333227
PG,0.08460483859483503,0.14261222258026698,0.5932509644972159,0.3901011406968561,0.22161199657820485,0.18102626603105537,1.2241980207457128,0.20487648150792528
MA,0.22414018645330036,0.2979622479127983,0.7522435745581343,0.626652636791285,0.4578286948933237,0.3013073280374634,1.5194741458010572,0.4373477486162878
HD,0.16051873343567258,0.2127903611039812,0.7543515251484263,0.5373365108554915,0.5510132634947831,1.0814035730330425,0.5095352717851125,0.34541017071925983
MRK,0.08273123695810036,0.19582620673120846,0.42247275448509025,0.6330156059395112,0.2799284716141339,0.18711732151726668,1.4960051231189886,0.25496625034070325
CVX,0.08160613901927061,0.23316282568286867,0.34999635460871203,0.5577410573687445,0.23275916455628565,0.30486848885523343,0.7634739996589518,0.45465891986645446
PEP,0.09311485960358556,0.11621015628887661,0.8012626656496316,0.40406890308220034,0.2469010294704097,0.16230353104578799,1.52123017829326,0.22521479468221114
COST,0.16975065990777738,0.1727208587400385,0.982803473454636,0.48038142596190087,0.36767534798903223,0.24901088150656253,1.4765432970821493,0.23060780933822983
ABBV,0.15930165317270473,0.18047243822354456,0.8826924196335378,0.45089798992982594,0.43729636504338254,0.5694579395261559,0.7679168814596833,0.31851601567779425
KO,0.08265318490625129,0.10296485518870241,0.8027320074871549,0.405952863558682,0.23030946062830782,0.2819941289980267,0.816717218357122,0.29389676980211904
ADBE,0.1614347971131609,0.26585327348727655,0.6072326851408395,0.6670832399634565,0.6947036610076163,0.45774528100494066,1.517664277133461,0.365069391596908
WMT,0.0959278016612295,0.11931206009544026,0.8040075880384162,0.364352109850427,0.2716035633988072,0.21040047458096153,1.2908885492760374,0.17853351014826843
MCD,0.14062051883495408,0.10845209460472116,1.2966141350010638,0.36898605426337583,0.30313305717691885,0.31049095306748575,0.976302382346813,0.28301814503770006
CSCO,0.0649223298004149,0.2137979800786631,0.30366203542488057,0.6003511720992935,0.46503087655436626,0.72508180529944,0.6413495320880663,0.3884811281625881
CRM,0.19548251866408606,0.37323157480547225,0.5237566483113634,0.7049575895978002,0.5828044710670934,0.5760048148274217,1.0118048600717149,0.6083958481762429
PFE,0.06070938366223566,0.20503409350495858,0.29609409159441796,0.5301580784233217,0.28448171308849846,0.3088909236248153,0.920977896501858,0.41221830098311074
BAC,-0.009315124220456994,0.3795369613023781,-0.02454339147494942,0.9344568467970819,0.5986864661681837,1.6329601913507628,0.36662649177807466,0.6992588836100287
TMO,0.15405087557258024,0.23892746834156586,0.6447600045397552,0.5292373025889415,0.49562815027445684,0.3202072816139324,1.5478353514522067,0.3351134145741418
ACN,0.1517192920697552,0.1950139292682472,0.7779920779969569,0.3968774345693049,0.41153752647552055,0.33461233672839136,1.2298934656720988,0.27153430591941924
NFLX,0.33472293067190684,0.8133233139802148,0.4115496567212008,0.819904689908692,0.6488334589401343,1.5651666971461813,0.4145459139420569,0.7046855440928907
ABT,0.1094655820281647,0.16314848568981705,0.6709567763704779,0.31673213947826967,0.24831782169305883,0.253712570273163,0.978736770612919,0.45001811194062824
LIN,0.13066090824908283,0.18965372257051116,0.6889446011295906,0.5175623969285523,0.4371448556054147,0.2618043845650495,1.6697384817739713,0.4144668519489254
ORCL,0.12684602183896088,0.19891642280333188,0.6376850138933636,0.41113957910341936,0.45523715468027137,0.6009859166927212,0.7574838977683235,0.24100195185426157
AMD,0.13278370794762706,0.5629227186050851,0.23588265948239448,0.8977267810487428,0.997831109594431,2.332259474678458,0.42783880628547954,0.7892353214693325
CMCSA,0.09194800205463283,0.24406789789892222,0.37673124096275856,0.6080343796711509,0.4223877789730648,0.7404503398439427,0.5704471404011878,0.33965866358113966
DIS,0.0638339195592057,0.24882873784954482,0.25653756921679643,0.5831303667487526,0.44709144587844163,1.1306063170702745,0.39544396588636077,0.28300178444103236
TXN,0.12524788640670637,0.25201237891031536,0.4969910087284991,0.6381573041776629,0.3974536950721268,0.38312445567486364,1.0374010042559736,0.3551821781023411
WFC,0.03993849301833552,0.22494587183125198,0.17754712586277754,0.7901336804514819,0.33199750775831127,1.1485248958009917,0.2890642675418657,0.4180748244720673
DHR,0.14422577322099794,0.1786161510576523,0.8074621044456719,0.4569000835777847,0.43029216468231146,0.23601230096383619,1.8231768552955403,0.2639471362144691
VZ,0.0409126096741903,0.16976086391626022,0.24100142241483707,0.4251539579296983,0.15168378901862933,0.2094776280633222,0.7241049577512755,0.2602763830148246
PM,0.1069521167439702,0.16809614433299283,0.6362556212598288,0.4286878411158278,0.1985114983715517,0.3164278334301483,0.6273515708768181,0.4045266479344555
NEE,0.12700709479070227,0.12103090069645396,1.0493774239459444,0.4781246780010304,0.2341687413737461,0.225985886095753,1.03620958556025,0.36602476799797296
RTX,0.06574819952978328,0.1765241588997113,0.37246006404787246,0.5266636386159056,0.33107879446146526,0.424391869736773,0.7801252051949423,0.5203770748816086
NKE,0.14419461691256408,0.166392123187483,0.8665952098591362,0.5273155120481927,0.5021765011687169,0.7104610240448679,0.706831879825969,0.23198914527789047
HON,0.10664365610993531,0.2234795419718126,0.47719650384546713,0.6171240558680757,0.4349268718042538,0.2777083265219313,1.5661283089756641,0.45101877778305094
INTC,0.05442565254727283,0.2405565639057295,0.22624887745154784,0.6162606742735459,0.33874316706811625,0.7450767327557182,0.4546419881013477,0.38199173151750976
BMY,0.08112467438827675,0.20635204998255693,0.39313723510444537,0.42663511347967065,0.18353562290470826,0.22411800369659055,0.8189240483918354,0.4133991940725335
LOW,0.14354524405735147,0.2242536404783291,0.6401021796175614,0.5834100568218806,0.5431177752645169,0.8805270884911355,0.6168098430625222,0.37599489985489615
QCOM,0.08758655576934893,0.25701853757364673,0.34077913833064144,0.47551720116618074,0.3917214554511894,0.5424024058749344,0.7221971200870954,0.5199450044872999
SPGI,0.1342859836720045,0.25401405347530387,0.5286557252827756,0.7466700374924873,0.5822461527782361,2.2207274403869977,0.26218712940151284,0.5140476368112806
INTU,0.1917095260919044,0.19230620901160514,0.9968972248854183,0.49009857224948067,0.5254846082609566,0.45936349448346836,1.1439407235697694,0.3276792725090135
UPS,0.0885704692309095,0.2950115714880096,0.30022710222574894,0.4859783438918093,0.3762749545982116,0.49719036202937733,0.7568025917927563,0.3804472506691193
CAT,0.10488134469450316,0.3811619580792863,0.275162152128221,0.7342864108686149,0.4675064036929537,1.4166163702008026,0.33001623694824705,0.5176076724630261
UNP,0.14663361274481912,0.2080016437023532,0.7049637211264028,0.5943641558941107,0.39777353918462555,0.348020376484819,1.1429604875505812,0.5133740956527307
COP,0.08166810846237071,0.3493476156642332,0.2337731955235784,0.7066107561475966,0.4692388104221763,1.3047402956494523,0.359641540915701,0.465799931161801
IBM,0.051505287195912075,0.12889633801135905,0.39958689277404563,0.4429080206955392,0.15879135060050364,0.23106914879672835,0.6872027331532367,0.40221445645711246
AMAT,0.14110380594138805,0.4437870002544829,0.31795389648744604,0.6379868978675266,0.5013751200893117,0.6401799171631349,0.7831784575671842,0.4195968589989287
BA,0.06936851465508465,0.40365714176636547,0.1718500863171517,0.7792006781662841,0.5277583402149044,0.6940799899572037,0.7603710636398631,0.6715512249162827
ISRG,0.1995920076053408,0.4102456342817153,0.48651829764087423,0.7588736429719531,0.7093102445002433,0.6650970516548296,1.0664763025717927,0.4454501317797198
AMGN,0.10014841460118773,0.1809261237130993,0.553532085615212,0.3665597505511311,0.2318808306594191,0.32795443812940744,0.7070519672855329,0.38759295062462823
GE,-0.012453655836344169,0.35745613693579575,-0.03483967555599982,0.8269933324072788,0.43012430737953644,0.7258663938861417,0.5925667739991901,0.6789919203492623
MDT,0.05180882804127607,0.18480885665875402,0.28033736574075596,0.5697425031093095,0.3456499956157164,0.338711680756907,1.0204844274732559,0.37206653659181843
T,0.029682259124276245,0.1522597037220691,0.19494494208695867,0.4439094099345175,0.18390651733144292,0.33171539089598595,0.5544105651374778,0.46017521298826564
SBUX,0.13506699458307136,0.29774975063259884,0.4536258864906122,0.7613177530564288,0.3117929252764402,0.45983509906632675,0.6780537760373684,0.3516716809006212
PLD,0.07769875879201682,0.23651511360445737,0.3285149841289149,0.8469726013962321,0.46467599859078157,0.5297505942368259,0.8771599383672374,0.8775420388086749
NOW,0.28701465653977554,0.34829903426376885,0.8240466619336582,0.5129757847718032,0.753131080704865,0.5581960447314823,1.3492232483789013,0.37455183437950795
MS,0.03591375822298182,0.40787394884618794,0.08805112051057995,0.87094626997372,0.3268136233400729,0.48409777865959946,0.6750983742271554,0.9280970683574346
DE,0.1476284857829957,0.3781557596088576,0.3903906843457681,0.7327256897208467,0.2798109769285868,0.3957894794831302,0.7069692132645816,0.5552172770975287
GS,0.04161661898302782,0.307652093271989,0.1352716912809542,0.7884419565748184,0.2788540681645095,0.4608339619594344,0.6051074599164549,0.5186305096290927
ELV,0.12101404763467016,0.24993105224282608,0.4841897257212212,0.6718688045315426,0.3588998505352663,0.7446730061320149,0.48195630508948634,0.48264557375858186
LMT,0.12580132755425288,0.17409471245360833,0.722602804997743,0.5056772276432558,0.2732989010319393,0.4234989792130421,0.6453354422241847,0.3216503621542972
BLK,0.1269891820075293,0.27532957278017384,0.4612260888840984,0.595070940351281,0.5233255191708512,0.5409634972692388,0.9673952527528691,0.380891498399888
AXP,0.07476791982407871,0.27001735365199697,0.27690042440916923,0.8390598521029117,0.3885664570900451,0.7813607629200622,0.497294560374281,0.5233491877200569
SYK,0.10441746284412856,0.18955111056036766,0.5508670592086772,0.5862586644705237,0.3353193248287172,0.20746670568175504,1.6162560817979272,0.4334554790072487
MDLZ,0.1014676229843936,0.14146014698157494,0.7172876965666497,0.39263680972869175,0.18974966097759127,0.20418491068518316,0.9293030534962082,0.27936288612961846
BKNG,0.2594689421402845,0.5279690398224435,0.4914472678692375,0.6629664110654536,0.5482177696145207,0.6559726099336337,0.8357327140076554,0.6029785826718912
TJX,0.17433903433396702,0.16250762993533424,1.0728052239968104,0.4982830684704909,0.4053578031198166,0.4196663411697858,0.9659049662880151,0.4098470480557836
ADI,0.1235904975332709,0.20914841520711644,0.5909224672387842,0.5887108942515897,0.36748568574344653,0.4391294022774754,0.8368505589412597,0.3040053422135918
GILD,0.09811773310178684,0.3374001781512925,0.29080522019697985,0.4573974226090597,0.20947620571106484,0.3543338049524587,0.591183236776323,0.3344957450075563
MMC,0.13720969863070875,0.1655686197787105,0.8287180192363465,0.4623571933403115,0.29324987070654807,0.2652605594334085,1.1055162943670338,0.4081651178678046
C,-0.1188427799536601,0.40406155725543524,-0.2941204819406548,0.9799655491216972,0.34147597288824905,0.7055685272448047,0.48397279598296233,0.7026127404738229
ADP,0.1337547796833909,0.16017622840568463,0.8350476285696083,0.39451206280946094,0.31879027444923724,0.3528177614560595,0.9035550623460886,0.2893113787500628
AMT,0.11008437367226143,0.2037714380640669,0.5402345624004984,0.5653855366033087,0.34270634808540823,0.46094586239555835,0.7434850294660341,0.32500040546238934
VRTX,0.15561256179619853,0.2790172767730569,0.5577165815533656,0.6402848445963085,0.31075054962325765,0.8264072963106986,0.37602590273649633,0.7052003252658499
CVS,0.06051532865848164,0.21821795038799105,0.27731599784016625,0.5009104887716223,0.31145538514946147,0.668415105710284,0.46596102106115156,0.39669363265977053
LRCX,0.16611088709522637,0.4289306404364589,0.38726747738562123,0.749916988486664,0.467569491895111,0.8638663956658865,0.541252089722391,0.5335511982570807
SCHW,0.08961418935256571,0.3242569225646047,0.2763678525158119,0.5660659377604695,0.4488092744562222,0.6453431014764985,0.6954583901638972,0.5308617543732241
CI,0.10861774843120231,0.30662149634782787,0.35424048778363404,0.8433609757983453,0.3807680960173083,0.8566934900297645,0.444462459968126,0.5612613611172689
MO,0.10627991155141814,0.19614412932856126,0.5418459982219939,0.5369469072519224,0.1630449800060092,0.21991309586632846,0.7414064149463574,0.33948952064743715
ZTS,0.20408190289421624,0.22963333845113335,0.8887294165156489,0.46523837668650153,0.3962484957890091,0.17956983373838747,2.2066540216676787,0.37451087780601683
ETN,0.12223685791345185,0.2899140601655004,0.4216313546285809,0.689474197725781,0.4928728788893475,0.5137042260345742,0.9594487526294465,0.38527975172365153
TMUS,0.10632806882858103,0.4287011124073487,0.2480237763590146,0.7466798587482002,0.21303655912208863,0.6435118284828957,0.33105305868942714,0.7904998226762529
CB,0.09320388764347842,0.17416580529334075,0.5351445852789456,0.5123009493358243,0.26716983098715463,0.4458586261292776,0.599225439028936,0.41745136828222884
PGR,0.13992691329815998,0.16589185592387082,0.8434827166101128,0.5570913154231494,0.28032173632646007,0.6394966443313499,0.4383474703288884,0.3295185381445191
