HON,-0.029783335206041928,0.033688854497589515,-0.884070878936325,0.2521375046467491,-0.15230665922162634,0.29234519002536646,-0.5209822648643915,0.4342878755132916
INTU,-0.14026662740041673,0.33623858163220366,-0.41716398730782217,0.4901018596560443,-0.06269918542905828,0.6549604104747633,-0.09572973331870444,0.5645894230941664
CI,0.15266937943961145,0.34540150762372307,0.4420055386843532,0.2818142896718463,-0.2392181653062423,0.13894114048648853,-1.721723058185961,0.493090027687184
ABBV,-0.050153235157631815,0.04889556165924347,-1.0257216290335953,0.19684326276641392,-0.05318534020643728,0.05177100000000001,-1.0273191594992808,0.23121824808672878
INTC,-0.1616707011153996,0.34995206970769044,-0.46197955408705155,0.5405662066126058,-0.05009747970731193,0.33781788637387944,-0.14829729782829384,0.4039988176674267
CVX,0.20686872856755434,0.390884301365108,0.5292326344268486,0.24948540985591472,0.04026314949002541,0.005209035318528121,7.729482913431708,0.349462130168878
VRTX,0.343941950645668,0.23803757778412515,1.4449061104023957,0.19238467837321446,0.4410302262642971,0.22275158387270333,1.9799195974127586,0.11593614048300947
UPS,-0.061426434095253835,0.1498941162382279,-0.40979883424929314,0.2982507022728102,-0.25500134228308835,0.23079507920106934,-1.104882058862834,0.5200784857756409
MRK,0.14395710758405889,0.015110903330285863,9.526704290109144,0.2016758572729854,-0.09992148332476058,0.17861993063545645,-0.5594083648408156,0.350937833628804
AMGN,0.042956087797445086,0.21346215636017973,0.20123514411127874,0.24859732100949553,-0.09193887870914774,0.15920708725850752,-0.5774798113093098,0.2889287494745897
ADI,0.041591945202366754,0.30871875284627237,0.13472438852160568,0.26254107753354866,-0.0674500109440419,0.30160326120294356,-0.22363820163952394,0.42912223958190565
XOM,0.3247341418919969,0.41475635706132574,0.7829515723226921,0.2050898999143811,-0.06206828232009287,0.08540066212315794,-0.7267892400012427,0.4716878188419594
MCD,0.09238627734942595,0.008497469775468947,10.872210174390112,0.17225510383098955,0.012068801307574484,0.09181531635134255,0.13144649266786532,0.26996782037920763
AMT,-0.15519437997282393,0.1134979124175014,-1.367376515278469,0.35990320640708673,-0.11880715796704355,0.17066908103961975,-0.6961258433181767,0.3626950130091113
T,-0.03464385255604463,0.07413148823785776,-0.4673297862965683,0.29230222602739725,-0.168443026606114,0.1386807203117435,-1.214610266138416,0.4010578238501705
ORCL,0.12257069807183751,0.3902797114423458,0.31405859561301924,0.4036465677179963,0.07103858225106774,0.352206531830586,0.2016958114940294,0.45715576595523494
IBM,0.09016962547375384,0.07666067243889907,1.1762175129056145,0.17610139263082003,0.15402290727014623,0.04203760197347661,3.663931814362915,0.13589036914679692
ACN,-0.08394500959596574,0.2361143545667439,-0.3555269214783656,0.3968768794944433,0.0789026272968929,0.3664140351386902,0.21533734991081258,0.41637412517049394
CSCO,-0.03488142941310235,0.19231515727551074,-0.18137639230968783,0.36674838884131783,-0.12304741382880868,0.3348037084197538,-0.36752106005510643,0.4550415530756822
CAT,0.10744964267355672,0.005182223419261667,20.734274457210788,0.30084877208099964,0.21134223075066605,0.006470488040202671,32.66248688469043,0.349703
BA,-0.005542927228067263,0.30410358163435025,-0.018227102746629267,0.5029385647720095,-0.02017730487743785,0.3001965841288897,-0.06721363914245841,0.38593123181471056
MDLZ,0.10480068067571624,0.08618946336269129,1.2159337880398169,0.18343856020609947,-0.12732833269662913,0.28947489595943554,-0.4398596716810697,0.3998223676988634
PG,0.03368881517895672,0.1082369308616587,0.3112506508708709,0.23772135450961807,-0.007183990635182713,0.14222544804439552,-0.05051128847869924,0.26520628030316296
KO,0.06128879208716986,0.008620800530510397,7.1094084441762675,0.1665589444337467,-0.06470433906344386,0.1330152725387317,-0.48644293116493903,0.22148163618462272
BRK-B,0.07611368344293701,0.09351818986587251,0.8138917525253885,0.26578742401978495,-0.05435313144916509,0.25135790570740935,-0.21623800252550765,0.2970698555712379
MMC,0.0761481917517477,0.0783672655379335,0.9716836644617687,0.19228105703772672,0.1210524507710593,0.11408445762862518,1.061077497209276,0.14888347869513263
MO,0.07102762562937426,0.01665152935711245,4.265531658149819,0.25825060370271,-0.03812006986318717,0.053123804256544005,-0.7175704074034077,0.20503076134324524
COP,0.22284360552313487,0.5587556571757925,0.39882120683929845,0.32977599262065865,-0.1901830450307651,0.09446089057149776,-2.0133522337142793,0.623136411100212
BLK,-0.1323209422202133,0.2113272100924748,-0.6261424743283692,0.43901488063166766,-0.11832505012584116,0.19690861997717812,-0.6009135107419631,0.4300178580047299
AMZN,-0.13777638874452114,0.466824313518554,-0.2951354176608138,0.5572595264690263,-0.08924975981337235,0.5580407017675764,-0.1599341401633905,0.5407796983498843
LIN,0.0766945980486915,0.18023190703977132,0.42553285546586095,0.22815665154950873,0.08699199603731356,0.018496517103388288,4.70315549414316,0.17553705756125165
COST,0.02106011715049183,0.07433841487355969,0.2833005948043477,0.31402222240553007,-0.03146757254484822,0.24285047860238296,-0.12957591323659615,0.3865174914886269
BKNG,0.046018658068397444,0.35566266660105844,0.12938849755635412,0.39531990414587126,-0.30235192836647273,0.38957860024741386,-0.7760999402288905,0.6753372308309696
TMO,-0.10744759924752556,0.14088508456792415,-0.7626612822574731,0.27233358675045477,-0.0022411066927678913,0.2762384221522778,-0.00811294343236753,0.32908828301920445
NFLX,-0.19590194230474778,0.6018380610066111,-0.3255060704819661,0.7594732023802416,-0.15014369063693334,0.7275965466121177,-0.2063556944243924,0.7340017229599263
PM,0.039354969080027,0.06622159462235144,0.5942920780518884,0.22783020078534696,0.013512058814928896,0.0018580090457808174,7.272332094190926,0.17117620861992183
VZ,-0.12208330754318442,0.13208740588682916,-0.9242615276113748,0.3383416476424001,-0.015426996104402568,0.13630998997497829,-0.11317582891198526,0.25049454899230283
NKE,-0.19008190727723062,0.3704747787030887,-0.5130765120979229,0.5273118634844126,0.32782026738240666,0.03639332577153376,9.007702935432796,0.3401518549368873
WFC,-0.08905639035013102,0.00977409943947355,-9.111467598791664,0.37096841792765023,-0.3584559529934005,0.22704917759500298,-1.578759089948316,0.6155530644955112
LRCX,0.047478929185554186,0.49171576129803196,0.09655767197744332,0.5639335792184669,-0.2761201757197539,0.3189159351114801,-0.8658086514969328,0.6896356597762466
GS,-0.10251091530343959,0.02137777475832281,-4.795209813104143,0.30508737404497605,-0.07404338075062511,0.13744968567900956,-0.5386944348751795,0.3558667339128371
SCHW,-0.16341475204118905,0.13258557422689865,-1.2325228667904042,0.4970364761482023,-0.23117112899553416,0.03681593321833676,-6.279105506427737,0.5246685819113218
SO,0.09447572097600254,0.01599072735850604,5.908156574613069,0.2327856054407471,0.10080425144527849,0.0845137362804429,1.192755827416961,0.12243567906768262
AXP,0.002225055910112239,0.20506301048747433,0.010850596140292938,0.3154585221059209,-0.16121889304532322,0.042447261296394034,-3.7980988200767394,0.40505440062172143
C,-0.14398474911299808,0.19338489035341055,-0.7445501499619034,0.3985733099209834,-0.18633952848300384,0.048147239480868964,-3.8702017081798594,0.36729830215603854
AMD,-0.1033398467558645,0.7009845656812418,-0.14742100156718166,0.654498548855208,-0.017091184346238353,0.6190019726672464,-0.027610872179604458,0.5852657387562442
JNJ,0.017021477252882056,0.04645496715804637,0.3664081215464556,0.16597377342128095,0.07194216261886077,0.028771778221778233,2.500441997860444,0.12878722560397302
PFE,-0.0658010993870618,0.15031013605545485,-0.43776887649669477,0.37519676186192946,0.20608409972989872,0.050331120019396325,4.094566138215863,0.2131191594278842
ABT,-0.07551563246198756,0.18266681735520474,-0.4134064060203318,0.3167347495792204,0.26012697772883175,0.04707600730684636,5.525680545363518,0.2296134817967027
DE,0.08461914684609217,0.05028183380518281,1.6828969916640162,0.3381238037439896,0.14016559782981597,0.009031972635382468,15.518824457098294,0.17897052286279266
CMCSA,-0.09426683570314742,0.39786111541269154,-0.23693402559676321,0.45653053644041286,-0.10842218511225832,0.5818764249884523,-0.18633197781540992,0.5265270969900983
ELV,0.0271606083081124,0.22538673788409375,0.12050668359235883,0.19490646487150928,0.07134494911769673,0.14549116261912326,0.49037307719141976,0.17911599201306955
SYK,0.06390519877230827,0.34973397377803656,0.18272516702328317,0.3144635239220204,0.17802931824545198,0.251141213131457,0.7088813342327234,0.23635165254494528
NOW,0.04210625897614917,0.016957824715185033,2.4829988328895007,0.33792934297403093,0.043648345241748876,0.05821940556949068,0.7497215887862375,0.42824775662070474
DIS,-0.2784456749211236,0.15519426452485457,-1.794175034584027,0.5241124317255174,-0.14257094925432712,0.2532171458607395,-0.5630382917779829,0.49324470858959185
NEE,-0.05094845496112432,0.0076471317875726474,-6.662426694923795,0.2621083346210833,-0.04627208262983595,0.017052964108238478,-2.71343341463326,0.2647512299909916
GOOGL,-0.10115036314607606,0.43655912033107724,-0.2316991180240737,0.4431983171900988,0.16377561571901667,0.436642998558717,0.37507899189867155,0.35225982742969275
TJX,0.1048688291462887,0.06809941613619208,1.5399372725393334,0.2767845876320723,0.01171636341417348,0.1744673314362426,0.06715505600803616,0.32860756375762634
REGN,0.03966804103603527,0.09645590112459418,0.4112557196971827,0.25782510458773894,-0.09457485532049881,0.03644757185000863,-2.5948190927422896,0.24437037400127434
CB,0.0010742252059223745,0.11407529060933053,0.009416808847774355,0.19262697222584427,0.05408135720736884,0.10054261983573254,0.5378948479334184,0.19369796655124133
RTX,0.06286456151414122,0.038207910397458855,1.645328437493463,0.21921846683202634,0.11914826953246949,0.030184541171751622,3.9473275029926604,0.2112388291935839
UNH,0.031302684566021366,0.1616998527195863,0.19358511488755206,0.1691164107046239,0.06291943625518925,0.22469429505557875,0.2800224021692494,0.20277153181370822
AVGO,0.2529349902186657,0.2031548014744189,1.245035748025454,0.3230364104581709,0.26395853858839136,0.15906943525357342,1.6593919389203442,0.2704158737041588
BSX,0.12144853440556358,0.1549218281954951,0.7839342965428233,0.25180704231767864,0.3324952378944701,0.04428025263152602,7.508883037802384,0.13726190823440196
PLD,-0.07688121076730392,0.19671642403800038,-0.39082253118047994,0.4205867428919372,-0.10331500822305062,0.29000866136069653,-0.35624800907085047,0.5785110364874372
ZTS,-0.00788503411822794,0.0,-inf,0.280096999667158,-0.11159765536192645,0.0,-inf,0.38236974507497506
SPGI,-0.07375180027659178,0.2994765151305633,-0.2462690613467239,0.3976051368628715,-0.15687238326191755,0.18778324387887213,-0.8353907410562502,0.5034740784881246
PEP,0.08211817340599503,0.02899670469514093,2.831982953558024,0.11898368393666853,0.08658601125286403,0.08962332354213687,0.9661102470960605,0.08994618029600848
NVDA,0.18036194251849347,1.3202439013031837,0.13661259282505464,0.6633504140003028,-0.19893849097371918,0.7955813663977619,-0.25005423628066364,0.7247595291792513
AMAT,-0.012505694533915257,0.5512467432243949,-0.0226862012113958,0.5513931914966247,-0.34798168110010885,0.4094369242651056,-0.8499030265154952,0.7779950407368048
GOOG,-0.09908012038821579,0.441956912624594,-0.2241850224715824,0.4460192850881464,0.23786238637018453,0.8207688773141727,0.2898043443710353,0.4334304081036329
TSLA,-0.1291974442563486,0.3812206890290919,-0.33890459771581083,0.7168785185709733,0.6623657216234056,0.2068703677421313,3.2018395329052627,0.5198544125123036
UNP,-0.056460205828614884,0.11916482338187706,-0.4737992658091878,0.3183477903109678,-0.11714100786139126,0.17444793084794774,-0.671495541919002,0.4466654753091147
MSFT,0.00679704483270771,0.4681888550972393,0.014517741630769949,0.37148229121119364,0.17562193941597215,0.517179710975166,0.33957623566637785,0.32804959847962595
WMT,0.02663279886475478,0.08508877208663901,0.3130001551513372,0.2573946353011352,0.003033163530162364,0.3419830230172416,0.008869339487678141,0.32201981495453286
CRM,-0.17225828775946594,0.4836417914443801,-0.3561691541275255,0.5861717513240956,0.2635032692113495,0.5676570515263089,0.46419447887213827,0.3375553780921416
LMT,0.1855058373489089,0.2701321077976565,0.6867226515992788,0.16941441629450316,0.011459341743403906,0.10676179242596806,0.10733560652187597,0.2083308777099559
MDT,-0.13200283795774648,0.16829209633437847,-0.7843674232655043,0.36363797553143284,-0.03008534762530779,0.15119544039351318,-0.19898316739582417,0.34994436086209507
GILD,0.11079989489038122,0.13349079311198753,0.8300190021152204,0.2134741554298971,-0.02550227766707791,0.014712308244957006,-1.7333974548704432,0.36116925969079544
CVS,-0.13478010260000128,0.17553718071693913,-0.7678151263995728,0.37903679045436856,-0.04669602702427189,0.02697408888376024,-1.7311438108437929,0.4032841692719631
MA,0.06881133362535308,0.1525241979166655,0.45115027363034854,0.28250147189306174,-0.18314838457225857,0.18761346466029977,-0.9762006415897396,0.40617058486209323
MS,-0.05876690878698798,0.07692420691999541,-0.7639585917097355,0.32377533902514455,-0.18239258337499487,0.11613160769848635,-1.5705679701648714,0.4085744208614775
ADBE,-0.15210038271309145,0.635358207511895,-0.23939311858223516,0.6002160546703976,0.12370837551134373,0.3037649368275485,0.40725034562357887,0.42720129490170455
ADP,-0.006559263352664435,0.0675331216701821,-0.09712661269678204,0.21751843397434836,0.19727804802712368,0.015563742559253413,12.675489026887826,0.2342121741110395
ISRG,-0.042662787916638134,0.3886267515004338,-0.10977830978419022,0.4990414197671313,0.14390945622855633,0.12933884558834885,1.1126545592233121,0.43527451717835536
QCOM,-0.11696745466286484,0.2359735020932323,-0.4956804625319813,0.44288525593836775,-0.21603442856757604,0.12713641354480432,-1.699233308098966,0.5715384438429274
TXN,-0.02346948853311892,0.14508898012992327,-0.1617592770457317,0.243628862843509,-0.11247229771052236,0.1088263060274578,-1.033502852537737,0.3779299321381167
SBUX,-0.04523055535330722,0.204615527460916,-0.22105143199333588,0.3980080521472393,0.06887791632159757,0.24227296160793144,0.2842988167745363,0.3716555386813563
DHR,-0.12376176150539231,0.08901759922122016,-1.3903066650655052,0.31281170038995004,0.126382127999894,0.042124880702046785,3.0001777071799114,0.22240584753598291
LOW,-0.018725351417287595,0.23985579015507902,-0.07806920735655662,0.338616683698166,0.06675267755243097,0.38555913865749936,0.1731321368360272,0.4084683086151261
META,0.22352637325511582,0.18508412170459654,1.207701509975421,0.5478542447888224,0.4409568064453022,0.46033678650674614,0.957900431532947,0.522456820944974
JPM,-0.07206079411659361,0.1623379815047905,-0.4438936190325068,0.379295839140958,-0.12413934498417079,0.2216925799114593,-0.5599616596719212,0.41381656220929686
HD,-0.07147684502171836,0.17006004338898206,-0.42030357982579014,0.34729565079196906,0.11726450060426541,0.025587185216770614,4.582938670698593,0.2525446119937301
V,0.016442731004474798,0.0549750616095101,0.2990943624814489,0.24137869410636015,0.01462946476971494,0.040483199020691696,0.36137126323039725,0.2228987255328017
LLY,0.3203740753886899,0.032699177696448256,9.7976187157602,0.16844701230289857,0.33556340654068095,0.04068278669533065,8.24828960350435,0.13866057968298856
GE,0.14525844966335866,0.5025376705350106,0.2890498726368391,0.4494420110455151,-0.1615996787083035,0.41592350584383386,-0.38853220949954936,0.5439186588135658
BAC,-0.21402845467694787,0.010894491857687205,-19.645565619100296,0.43748330554986886,-0.33717405897480346,0.17549214097141352,-1.921305746846674,0.5795701636132636
BMY,0.06334622617919683,0.2688770327781415,0.23559552679036627,0.20198837630127947,0.10719465316628041,0.015919088456005648,6.733718043123258,0.18354650878308948
AAPL,0.12488499463123359,0.2213167827274688,0.5642816287683793,0.3091288376190556,0.0550087326196933,0.3237457544120603,0.1699133714342976,0.4396562487332279
