COP,0.11164074314029349,0.34794914187825965,0.3208536240027697,0.7066096719552319,-0.038457531563167,0.21875368870337647,-0.17580289407285962,0.6600379131993652
PFE,0.03769795220845418,0.19728674181751682,0.19108203552433053,0.378893123514466,-0.0774399845148378,0.21745545928068152,-0.35611883358091195,0.4958843440041763
HON,0.08577272832949645,0.26085403150809056,0.32881503817906743,0.43010280388545163,-0.02571889769823643,0.1721809667440835,-0.14937131661284614,0.4799339288681006
GILD,0.03285844723572029,0.16382871323254303,0.2005658628904696,0.304680245424329,-0.14151015967945768,0.20572459301777093,-0.6878621442562958,0.5377218702034712
T,0.005343376791146159,0.11123191057127389,0.04803816426152541,0.37082633366258827,-0.04834972521195957,0.2018667851632157,-0.23951302921313816,0.4652149531293811
UPS,0.11334013298380974,0.34936968884568737,0.324413183519967,0.29824944244894747,0.21660521968607194,0.39666594430952734,0.5460645734614666,0.38710838563584365
LOW,0.1962287581983324,0.17789372174659537,1.1030673610722181,0.48629264361640895,0.09317155806535071,0.29607283919068067,0.3146913385234407,0.5226499697030903
MA,0.13189002576513142,0.13549131919344332,0.97342048590456,0.4099715202857625,-0.036698311789631455,0.2951341408629238,-0.12434451562374862,0.5567926037652893
ADP,0.11532533905899589,0.1775678824061289,0.6494718385796064,0.3945121369728357,-0.03767162402981106,0.16791041807823506,-0.22435548943877082,0.42361988340976864
MSFT,0.26162740836366183,0.1871255762902545,1.3981381570087776,0.3714836896166706,0.2796931705593151,0.41069882318911805,0.6810177063266684,0.4048005257880045
XOM,0.10582172833700887,0.3526664701658719,0.3000617787317208,0.6100663181563741,0.09646153844292926,0.2343610175586579,0.4115937857232849,0.4162961098526162
WFC,-0.03363092068279361,0.383031143876532,-0.08780205270627903,0.6120913976915623,0.13887812645204822,0.4958235319522328,0.2800958758557422,0.4757770635526188
CVS,0.03568682872932549,0.2140229810583539,0.1667429756975275,0.3790356618138106,0.14645800394689545,0.25136570610670045,0.5826491060189671,0.3187058336651909
JPM,0.07547323979418907,0.28213479357713106,0.2675077357077404,0.43626433557716277,0.034350237617145396,0.2304492032509129,0.14905774084948728,0.421770192287217
NOW,0.16668458317602464,0.4149565846734584,0.40169162108174195,0.5129754475770808,0.2512201178096485,0.4450428376935474,0.5644852507044197,0.543068422953074
LMT,0.1000762915053337,0.06819058249944802,1.467596958951682,0.3667435447126947,-0.0673760525832412,0.09469815027535493,-0.7114822452955106,0.4310362003174282
ADI,0.16646572091282685,0.18929063060587484,0.8794187032924408,0.3361998573314917,0.08959807646598783,0.32086680447196847,0.2792376002043405,0.495091898432743
MO,0.02509679093862549,0.12591159223631643,0.19932073364240147,0.4830422726205896,-0.053168985536382385,0.07772810970615088,-0.6840380621294712,0.3759511783060665
ACN,0.14662070669110472,0.16418177948986187,0.8930388447894637,0.39687931458400316,0.08334976425631457,0.21162244732587976,0.39386069535413387,0.4067991885515204
MS,0.14080826973131333,0.3853090537629694,0.3654424113738432,0.5132570699553477,0.07839411634554128,0.2885867037644448,0.2716484000230637,0.4614585014688317
BMY,0.04689001729934539,0.20101760646538064,0.2332632356132487,0.3118764473673367,0.16377555784355868,0.20043826947202797,0.8170872671918287,0.24528178770052408
IBM,0.040816583262713424,0.09653835938488713,0.42280170828242986,0.3898027145229586,-0.033208853341341715,0.3313030457086847,-0.10023709039651363,0.5787310177151652
ISRG,0.13548637953975295,0.3000554404246486,0.45153782030416795,0.49904067353308956,-0.023351931259372516,0.32815470035098576,-0.07116134930993186,0.7271742727907917
TMO,0.17821462308696945,0.17906655619704753,0.9952423661449065,0.27233752730909955,0.14821364823284444,0.12540777108550213,1.1818537794742674,0.2932292240259025
NKE,0.0907939005291909,0.3186248826053405,0.2849554616914564,0.5273145723088598,0.12213890564003482,0.28723872317967997,0.42521740901776595,0.44309791111965086
PEP,0.1298742464346927,0.026793298213257394,4.84726611113635,0.2881712729849688,0.026658916918607112,0.1702314086057258,0.15660398475790108,0.3450558775996656
MMC,0.17970861277162054,0.061523649954454675,2.9209680001862206,0.3579762149589046,0.022429857317982416,0.1783147145773646,0.12578803365243799,0.40551310008761104
COST,0.20835239283537232,0.11228936644426796,1.8554953103131353,0.31402259082120687,0.11202212089197627,0.1219126342153909,0.9188721219333148,0.2410328358208956
SBUX,0.16163413991595377,0.43463493890546484,0.37188482896242714,0.4368292626957234,0.10752989004874602,0.391979726896183,0.274325131302583,0.42466036001476537
TJX,0.1291769414690056,0.1493891246086946,0.8647011073086331,0.42553359334105,-0.0378057910403099,0.1968226941844931,-0.19208044680494202,0.5306222786761965
ADBE,0.12948474496476559,0.28011208610292004,0.4622604713928328,0.6002154567795944,0.04996835536406752,0.44477149831781304,0.11234612728795507,0.6398226292924541
AVGO,0.30304795328262535,0.20573010354854457,1.4730365078104257,0.48300047190481005,0.08452229677365719,0.20846479770152918,0.4054511730785,0.5060385585431539
BA,-0.09165861602293535,0.3034104456065733,-0.30209446428152104,0.7792015257877359,-0.18341487892584674,0.22017005904852358,-0.8330600433069043,0.7685585177169096
CI,0.10287706372958305,0.12297137721888425,0.8365935720673103,0.4212862624471315,0.060280952775362495,0.18595966298363084,0.3241614434452312,0.4166740095037291
SYK,0.1343795658728748,0.2733197811750374,0.4916569349468945,0.4380269024408675,0.16478944347159352,0.3001942839503924,0.5489426424216167,0.47636608064647906
CRM,0.07166685969627284,0.1900270261132834,0.3771403529387925,0.5861715206240196,-0.013871550937440413,0.40036969556927804,-0.034646855371300564,0.567397384596345
AMZN,0.0653917964109949,0.2697401494442291,0.24242515081914115,0.5614529357262963,0.034521590257628576,0.40145364896561975,0.08599147210786715,0.6039313703575758
BAC,0.007048325012056544,0.27753651512072225,0.02539602765059826,0.48946738429859293,-0.053314967995164775,0.2086028891118479,-0.25558115816209315,0.5767148172594466
SO,0.12451887032358289,0.0817265183854586,1.5236042447849856,0.3843498605011948,0.1342441709077804,0.1455400319917923,0.9223865700081134,0.40807425331182484
MCD,0.1579909118309355,0.14717204035350967,1.0735117312462252,0.36898649072325845,0.025445663811412444,0.19889387073293763,0.12793588720277513,0.5225194245543778
CVX,0.09266732385136534,0.2492190744799025,0.37183078399899205,0.5577398768848477,0.13756872502967443,0.1770947753248053,0.7768084901283108,0.44971119246534624
AXP,0.12396476739767004,0.35495635213386206,0.34923946747942725,0.4963836592280293,-0.057790357768713885,0.3704018732218952,-0.1560206952141779,0.5630971885444656
C,-0.05198061060824177,0.20515308825809547,-0.25337474102679314,0.565074065130686,-0.13178629260806007,0.09166187668417593,-1.437743775006202,0.608425108389506
PM,0.11623797996897767,0.14836672471064818,0.7834504683962693,0.3188803373590922,-0.0481478039494867,0.25399092554515657,-0.1895650557048212,0.4754982760978629
ABT,0.12271136117249593,0.1521830903320399,0.8063403161596915,0.316731164198465,0.10477098798417717,0.15453906222478447,0.6779579639986604,0.35593333222331375
RTX,0.053953085308025006,0.2058323421517376,0.2621215147435446,0.5198215128360086,-0.11447369244404404,0.2568620677814466,-0.44566211520747007,0.5436550515244875
REGN,0.1359793037193724,0.4539118577223746,0.29957204555458256,0.37789263907734055,0.04592135123739016,0.3728625084992793,0.12315893979852609,0.42421493494920687
PG,0.16274146930855848,0.14949814869885186,1.088585181321435,0.23772434069068415,0.08288816209026084,0.2830164120182278,0.29287404747722684,0.43009986060647615
LRCX,0.32070779724534315,0.37532529176385787,0.854479578869206,0.5639324757116531,0.45985546619999984,0.5192614680958578,0.8855952048325462,0.5880038229275688
BRK-B,0.11260475641286694,0.1742358778599923,0.646277665632969,0.2956988783805919,-0.08500955639456198,0.04435758322433802,-1.9164605060791302,0.4617703557121482
AMT,0.0830977746198791,0.2462077829450404,0.33751075463942,0.3773946275806502,-0.012336306396397823,0.21464340062431173,-0.0574734949246818,0.48108411089481107
HD,0.11569518875333973,0.12197486775523143,0.9485166156154953,0.37993591711737246,0.09506522335645506,0.12296819309659437,0.7730879096660315,0.4454966632536726
BSX,0.09199297895128433,0.19475501405335657,0.4723523006502992,0.43491477126679046,0.022702480214985776,0.27731656939014065,0.08186485309879543,0.4253506065493303
CSCO,0.064954579919974,0.1980610538925489,0.3279523088633711,0.41951129369287404,0.07872917531426848,0.1801901628834462,0.436922715726682,0.46434541739685203
JNJ,0.0782580908622692,0.07530009397287786,1.0392827781922394,0.27366366656988933,0.1028254180954824,0.15075296202018307,0.6820789238072547,0.3016113167283519
LIN,0.1997259115896719,0.117867289584748,1.694498213145612,0.32585173042669896,-0.04264250413801218,0.2113262959064819,-0.20178513021816627,0.5797759546458067
MDLZ,0.14254097013373013,0.12893440633929543,1.1055308988558767,0.2974235722604837,0.04198905498677541,0.22844887288121377,0.18380066601864303,0.3837067784552248
AAPL,0.32429974728067656,0.2983238226338693,1.087072914316626,0.3851580822939544,0.32680052461132325,0.4284715786796672,0.7627122564776811,0.27542080014903825
BLK,0.08903427623098192,0.2646661230599935,0.33640223841870376,0.4390155837028265,0.0738317020618875,0.3625076799291708,0.2036693459192733,0.4567739878865158
DE,0.25085279430963237,0.3777154444805362,0.6641316842487729,0.37913125375016143,0.030483239969507636,0.1871387956173357,0.16289107701558705,0.557072424272383
TSLA,1.0016313618628803,3.448880079437024,0.29042220627931514,0.7363214943077238,0.38867441234899736,2.3883740499928954,0.16273598867403266,0.7951015226188692
ABBV,0.11737589781439328,0.12602535073290588,0.9313673568991371,0.21915180502200624,0.05068341158819756,0.23985540820588616,0.21130818757562525,0.30735534748420534
BKNG,0.05155001816850624,0.24758218561858542,0.20821376158267704,0.44786927266901627,-0.08660748940439822,0.2715365059203286,-0.3189533912239767,0.7428845040994311
DHR,0.18589480830461835,0.24979113325708474,0.7442009885646967,0.3189690398576885,0.12411959672767647,0.15510946072709267,0.8002064873789916,0.3205949759136171
ELV,0.13496366883104383,0.1870251262358362,0.7216338871005836,0.4412386159457729,0.28283689722524974,0.36077074659948377,0.7839795767566662,0.4384819577717121
LLY,0.3935529177425603,0.13830408016515314,2.8455625985336566,0.22488061051262126,0.1467576835329003,0.28465139460667377,0.5155698735840991,0.33616459137493987
VRTX,0.14514182117482233,0.3486590739164071,0.41628579903135077,0.41600170783353235,0.1450164071286395,0.23558089042349273,0.6155694838743088,0.26606045184877664
SCHW,0.02959788319701384,0.4261138625451062,0.06946003356997278,0.4970350915052977,-0.13289981408697027,0.24511462882371865,-0.5421945427114799,0.7134205445141479
CMCSA,0.06675562592932893,0.24490604276174482,0.2725764753557824,0.5211338947882339,0.06268811076837655,0.1909641043033143,0.32827169795642347,0.4333944212901383
MRK,0.16540624742809173,0.1283991582109113,1.288219095302726,0.27261480241612684,-0.059312519814087694,0.15436651531708337,-0.3842317726240965,0.4880696226273539
PLD,0.16679889951316218,0.1447422221350655,1.152385924803024,0.42058714257063107,0.1207677558477398,0.18927331870796033,0.6380601168307228,0.4332448363039697
AMAT,0.27293096606245415,0.46635880970273164,0.5852381479325478,0.5513904670146981,0.13100040581559713,0.46447711583082846,0.28203845001334793,0.7008124957799734
QCOM,0.1783632200235874,0.2747625052614,0.649154148066522,0.4428832337604228,0.05683487365999551,0.4927428719889606,0.1153438778943287,0.5719355724711607
GS,0.08782511644949809,0.3699361725738306,0.23740613370802566,0.45621101178718754,0.02308441120729765,0.3117082460505655,0.07405774951347575,0.5495636742919442
NVDA,0.4559688611980577,0.6910457732143798,0.659824397850133,0.6633500488897679,0.12645971336224426,0.8125569877038792,0.1556318083234921,0.7169941477481553
DIS,-0.039826427025184574,0.3287054043683921,-0.12116146097966084,0.5831313321329714,-0.06923378158768667,0.19069306431463345,-0.36306397317867106,0.5572837564302567
WMT,0.13872193942435418,0.11785549733154116,1.1770510715687135,0.25739559761365965,0.11292463189563673,0.3101210033319912,0.36413087369883324,0.3372582001682085
CAT,0.14365646561100887,0.25586123826311014,0.5614624027703736,0.3950051012844773,0.056920502295081166,0.31119962761492126,0.18290671724554458,0.5789378851839322
KO,0.08777982275811258,0.1038561312916811,0.845205975481428,0.36987432082283617,-0.06525260332595295,0.15092375061957614,-0.4323547689351494,0.4585140989225472
NEE,0.14160951117159093,0.15583021935337021,0.908742295038862,0.35631578947368425,0.11167580242108244,0.14509298753489672,0.7696843542781348,0.3799125761375851
AMGN,0.059012661950707646,0.2103150496919939,0.28059172197677534,0.24859859484236718,0.054892183230214275,0.3558972521949419,0.15423604113736514,0.393607256627612
ORCL,0.2108969905410143,0.3271561865169159,0.644637024249302,0.4036492289891191,0.05496548161944159,0.32746094314882956,0.1678535494673025,0.5062278501999958
META,0.12421278871530239,0.3832820127936321,0.32407674915384416,0.7673612461682364,0.5456166158358646,0.3869440832862209,1.4100657934915997,0.28368227842994875
TXN,0.12351024294877888,0.1791236124365228,0.689525190279132,0.2985073170731707,0.23168089871999697,0.2387821051401719,0.9702607261293458,0.3009334546964082
INTC,-0.06264056044989075,0.15004030513996586,-0.41749155596195425,0.6162613243405447,0.015483741220730707,0.31119322832202945,0.04975603519465982,0.6327902495705346
AMD,0.47284548223174827,0.3891257361458456,1.215148314051693,0.6544987300761954,0.1309273181001105,0.4378035748033292,0.2990549315613192,0.6564288901006295
UNP,0.09338569635743887,0.12151818210139106,0.7684915519845474,0.3871926078633486,0.06340333270411858,0.125881657468678,0.5036741172548881,0.4030183705275724
NFLX,0.03368355408085133,0.5012158447047355,0.06720368966127596,0.7594729745785914,-0.159776212936107,0.32371117691527845,-0.493576448174119,0.8143077024924696
SPGI,0.14037651000595042,0.18634947538829938,0.7532970496077096,0.3976047542652107,0.1614888127552394,0.18572244813357328,0.8695169290418527,0.43085350998453387
ZTS,0.06325112684961942,0.16965156181168248,0.37282961721171637,0.4652391380904169,-0.029934276872738086,0.16773195419735598,-0.1784649622427755,0.4232801016743106
MDT,0.01701660689237139,0.20524647841551055,0.08290815522750249,0.41799674115744667,0.013594746544813185,0.12466628035310018,0.10904910699435265,0.3512757491573731
UNH,0.1501870796338025,0.17747236686739515,0.8462561371372265,0.3589976777043377,0.15964070338157743,0.26361436482237577,0.6055842347178002,0.3589987789987791
VZ,-0.018694812286780604,0.12001026111282105,-0.15577678203037743,0.368724922824875,-0.08334793265996032,0.15553815157482023,-0.5358680929152392,0.526779639562665
INTU,0.16742932788985598,0.3304322687175183,0.5066978734845926,0.4900992954304674,-0.033848763526453496,0.41735361783645974,-0.08110331881612477,0.7076800047565253
V,0.11759869449954974,0.18068059409853524,0.6508651085983068,0.36365041153971406,0.024587243368091594,0.13829815392698006,0.17778432083101697,0.47722344851835213
CB,0.0901632580893783,0.11340216907470464,0.795075251426474,0.42591505511239447,-0.0239782709763402,0.18875727036858367,-0.1270323041306868,0.4560517050113346
GE,0.07080913190930027,0.5911007085848321,0.11979199293945368,0.5824140536456366,-0.137300113374354,0.2937854415213697,-0.46734825477853675,0.6612112325602062
GOOGL,0.13298058915512057,0.3079450475997245,0.43183220575111314,0.4432026667898181,0.23931691219524476,0.3835082770043599,0.6240202012446372,0.4036142901868021
GOOG,0.13689433679783702,0.334924516756588,0.4087319080834183,0.4460197511438686,0.22085874524237448,0.33276551455371917,0.663706831336096,0.3735857561415371
