-0.0436702 0.105346 -0.189327 -0.0351292 0.158062 -0.024992 0.202359 -0.195162 -0.137251 -0.16506 0.1687 -0.0268981 0.0984493 0.106806 -0.0831868 0.159272 -0.125637 0.00912688 -0.140265 0.0472188 0.0292997 0.175303 0.150781 -0.0260778 0.123016
0.0399551 0.278864 0.0315248 0.0404315 0.557317 0.0700536 0.0151541 -0.0264572 -0.156591 -0.129785 -0.083907 -0.097232 -0.18935 0.190044 -0.383825 -0.146835 0.0741679 -0.090807 -0.0133534 0.123664 0.0806312 0.244294 0.288136 -0.0449668 -0.142864
0.242785 -0.188228 0.2754 0.186551 -0.0839299 -0.100538 0.158778 0.299418 -0.289574 0.104279 0.0343503 0.281595 0.00091567 0.0645785 0.173247 0.0983665 -0.0512787 0.0967365 -0.169603 0.158736 0.0946067 -0.0633845 -0.0934253 -0.0592559 -0.125719
0.0364002 0.0195382 0.0470839 0.0216957 -0.137191 -0.0945764 0.0338638 0.270816 0.306093 0.157934 -0.0151932 0.129209 -0.184879 0.640448 -0.166211 0.00224878 -0.129453 0.34329 -0.194025 -0.148394 -0.218897 -0.0790903 -0.0612887 0.246271 -0.100138
0.149231 0.4477 0.0312467 0.0994533 0.245663 0.175467 0.0882096 0.0513863 0.204013 -0.163464 -0.00978552 -0.0938088 -0.0102248 -0.300951 -0.16122 0.0140449 -0.0806385 -0.193149 -0.144257 -0.138001 0.28267 -0.0887772 -0.409033 -0.0212043 -0.158634
-0.195348 -0.161373 0.12761 0.185291 0.0346757 -0.183297 0.368679 -0.135373 -0.0195981 -0.0514081 -0.0991683 -0.0760131 0.0930725 -0.118812 -0.017781 -0.131523 -0.147536 -0.218536 -0.185954 -0.0932328 0.00737439 -0.00496469 -0.0343132 -0.223618 -0.237594
0.0625433 0.300718 0.153237 -0.311912 -0.337053 0.164055 -0.0150357 0.0867981 -0.0909206 0.149499 0.243717 0.113732 -0.139824 -0.199228 0.0139899 -0.280911 0.102405 -0.457193 0.0518351 0.269795 0.0418906 -0.142779 0.260648 -0.10737 -0.134204
-0.459533 -0.363368 -0.215226 -0.312565 -0.28699 -0.0804644 -0.012615 -0.101404 0.135072 0.216709 -0.138799 0.096114 -0.133171 0.0101177 -0.0942599 0.0553474 -0.0376279 -0.231443 -0.10319 0.181287 -0.104357 -0.061105 -0.629197 0.120479 -0.205583
-0.0220026 -0.0646161 -0.0434932 -0.133802 0.200173 0.364017 0.126237 -0.0588932 0.0535478 -0.160006 -0.133985 0.0863453 -0.0633595 -0.175652 0.169998 0.0447837 0.0881 -0.101006 0.0751095 -0.118262 0.0730623 -0.0116297 -0.0591849 0.0420132 0.137574
0.0697303 0.0296985 -0.391131 0.108181 -0.00828611 -0.103367 0.218884 -0.101093 0.00993843 0.0875595 0.00938518 -0.0864267 0.0655811 0.110286 -0.0933715 -0.0322618 0.236054 0.125625 0.121339 0.0515996 0.341846 0.083376 0.0515438 0.0310486 -0.00798572
-0.227066 0.381952 0.0405638 -0.136077 0.185793 0.0495554 0.229113 -0.106093 0.0371406 0.247881 0.342387 0.00983854 0.0182522 0.305527 0.0378873 -0.0126198 0.056705 -0.325158 0.11076 -0.103749 -0.269337 -0.248628 -0.104754 -0.210534 -0.270977
0.118927 -0.0892879 -0.0578405 0.0593752 -0.139831 0.0316207 0.0312301 -0.0121196 0.110367 0.00278287 -0.189545 0.00734566 0.00601913 -0.237075 0.031721 0.0826339 -0.0745714 0.0321557 -0.431004 0.40761 0.242052 0.18365 -0.0608759 0.0242555 -0.104325
0.137592 0.00134929 0.57022 -0.0552758 -0.141198 -0.12442 -0.0471575 0.262451 -0.192045 -0.296224 0.0852686 -0.258848 0.0555656 -0.141813 0.206857 -0.243051 0.0930821 -0.18138 0.208868 0.0110933 0.00770517 -0.131911 0.0417008 0.0893904 -0.0506787
0.212199 -0.134156 -0.104857 0.0669168 0.0934287 0.0630849 -0.0725136 -0.172764 -0.0389348 0.254808 0.191918 -0.0747065 -0.253929 0.0460512 -0.0801731 0.12552 -0.070964 -0.00546361 -0.23332 -0.138052 -0.0192735 -0.0784208 -0.193037 0.142658 0.0450789
-0.111411 -0.0172323 -0.0835336 0.0987981 -0.0730377 -0.377753 0.0485088 -0.180817 -0.00408771 0.112624 0.0788729 -0.084365 0.0168987 0.410799 0.0205135 0.333325 0.125277 0.0764638 0.0371146 0.0393118 0.138754 0.175739 -0.131332 -0.219168 -0.0242557
-0.0114253 -0.0155996 -0.00309457 -0.313647 0.0858725 0.045755 0.0924617 -0.172352 -0.117058 0.0614009 0.132484 0.0200543 0.218149 0.0924833 -0.0614351 -0.236744 -0.234908 -0.0540079 -0.0724749 0.11616 -0.0424486 -0.170975 -0.109517 0.239953 0.075762
-0.124869 0.169593 -0.151888 -0.117849 -0.205129 0.295256 0.359376 -0.0254339 -0.203758 -0.0897488 0.184736 0.122758 -0.12197 0.322547 0.256756 -0.0947969 -0.0686366 -0.0513865 -0.174189 -0.0393093 0.115946 0.112854 -0.285916 0.174478 0.183808
-0.208988 -0.16235 -0.181497 0.00657296 0.100294 -0.379752 -0.122031 0.0169747 -0.0249698 0.0713931 0.164536 0.332109 -0.00542065 -0.37085 0.212252 -0.0547936 0.323385 -0.059936 0.147708 -0.469508 -0.00083434 0.0734398 0.120166 -0.0378323 0.286671
0.104447 0.092715 -0.075731 0.0579527 0.191386 0.260152 -0.272493 -0.0200046 0.0289845 -0.0585023 0.0942359 0.183415 -0.185958 -0.295544 -0.318487 0.167926 -0.0688897 -0.220027 -0.0220781 0.195364 -0.467837 0.0560364 -0.0485055 -0.0471482 -0.178139
0.0232288 0.479476 -0.0595822 -0.165917 0.230525 0.360941 0.191857 0.0475644 -0.0035568 -0.187101 -0.154058 -0.161993 0.018028 -0.0879546 0.116983 -0.188748 -0.0534326 -0.0302387 0.0441609 0.144722 0.205236 0.0904904 -0.240059 -0.184908 -0.161633
0.418847 -0.149472 0.0166434 0.0893408 0.284196 0.094354 0.00656986 -0.0873488 0.0591842 -0.296719 -0.267951 -0.157587 -0.24586 -0.19864 0.0832194 0.0686317 0.305718 0.0930089 -0.0639845 0.283041 0.0867886 0.0233726 0.119736 -0.167397 -0.248902
-0.157767 0.320306 0.117475 0.115622 -0.092307 0.297529 -0.25031 -0.0393999 0.0779608 0.0785085 -0.056026 -0.131392 0.1339 0.130703 0.00429769 0.038349 0.108249 0.0139742 -0.154225 0.0588727 0.0239304 -0.0527918 0.0720808 -0.0424775 0.0198187
-0.465206 0.156979 -0.0265397 0.0156171 -0.115399 0.072272 0.191243 0.0821167 -0.190641 -0.345136 0.141266 -0.194264 0.126052 -0.300783 0.177973 0.125311 -0.193987 0.109081 0.00377136 0.0256841 0.211435 0.0256352 -0.199235 0.0994831 0.189225
0.0857387 -0.0319112 0.163439 -0.011873 -0.203321 -0.241182 -0.106918 -0.0171675 -0.0211897 0.0864652 -0.339079 0.0507881 0.0969159 -0.0552911 0.109462 0.0643238 0.225207 -0.0298197 -0.0425404 0.184055 -0.0217008 0.0745527 -0.16631 0.148588 0.286156
0.0350319 0.127787 -0.0756655 0.0423551 -0.0370914 -0.239203 0.221533 -0.23532 0.128568 0.023505 -0.119713 -0.121973 0.131451 -0.161949 0.384635 -0.00566158 0.106817 -0.105808 -0.0297367 -0.141097 -0.0057601 -0.377853 -0.112137 -0.060992 0.286002
0.596175 0.0172909 0.0414474 -0.153194 -0.0853555 0.105726 -0.334775 0.180591 0.0965245 0.318431 0.202032 -0.165172 0.128407 0.128122 0.0629142 0.219287 0.0665848 -0.284828 0.145344 0.0699364 0.0835481 0.212252 -0.208205 0.19914 0.141783
-0.149148 -0.183195 -0.0480108 -0.0475072 0.141558 -0.241128 0.021125 0.0103458 0.316355 -0.0496958 0.200414 -0.180051 -0.275957 0.135647 -0.35884 0.137138 -0.186828 0.0571036 -0.161388 0.100249 -0.0826548 -0.162281 -0.0574824 -0.408801 0.164325
-0.07703 0.00174142 -0.182462 -0.0429394 0.288969 0.0634788 -0.389192 -0.297406 -0.389699 -0.108345 -0.251892 -0.152345 -0.257629 -0.00141874 0.113266 0.0760756 0.0890194 -0.052315 0.0266993 0.128283 -0.174916 -0.00481447 0.00397756 -0.227747 -0.0941282
0.226087 -0.100146 -0.031427 -0.275883 -0.00144162 -0.0333987 -0.0659946 0.0986353 -0.117693 -0.135042 -0.129078 -0.279202 0.0445881 -0.0510136 0.0197815 -0.0124001 -0.225689 -0.0966577 0.127631 0.743083 -0.165067 -0.0732161 -0.22213 0.168857 0.177401
0.034631 0.00685355 0.148064 0.0846787 -0.163917 0.160429 -0.193585 0.331554 0.005001 0.206044 0.231359 0.0146391 -0.112583 -0.110578 -0.191815 0.465671 0.0600748 0.03003 0.195176 -0.349452 -0.0267419 -0.176571 0.140482 0.0217007 0.112774
0.115869 -0.0951367 -0.11431 0.0710659 -0.244415 0.193003 0.148466 -0.0623149 -0.0384228 0.084494 0.0568168 -0.0783731 -0.054251 -0.043887 0.154897 -0.0854319 0.0292044 -0.0271045 0.220759 0.0573986 0.0319148 0.247 -0.0113765 0.164832 -0.215487
-0.16197 -0.00399275 0.00100917 0.168277 0.046713 0.0391545 -0.427751 0.354686 0.0854264 -0.0628971 -0.157792 0.0814139 -0.257223 0.147424 0.150795 -0.16293 -0.0715433 0.113454 0.226113 -0.126481 0.245588 -0.0165986 0.0789736 -0.240011 -0.105692
-0.0206472 -0.211391 -0.182232 -0.115238 -0.189931 -0.171421 -0.160753 0.0418972 0.336338 0.0295317 -0.263217 0.0807159 0.170187 0.0704917 0.0363314 -0.0527507 -0.20058 0.0757496 -0.00105848 0.246277 0.270566 0.241363 0.238607 0.0325365 -0.0589863
-0.175772 -0.116652 -0.000891422 0.253281 0.149496 -0.13526 0.0837546 0.204717 0.0178311 -0.177613 0.0149049 0.323211 -0.040449 0.215224 -0.0453432 -0.208472 -0.140065 -0.369544 -0.276169 -0.236786 -0.0347587 0.177278 -0.0253108 -0.123009 -0.101618
0.0070688 0.0811326 0.199938 0.0819894 -0.046995 0.0078583 -0.20361 0.283078 0.0544721 -0.067592 0.157201 0.0328847 0.0107595 -0.0102545 -0.115184 -0.0303725 0.202219 0.117309 -0.12768 0.477354 -0.345401 -0.0493437 0.144546 0.170264 0.185654
0.0107157 0.295695 0.0290373 -0.17216 0.289044 0.217807 -0.160434 -0.0664436 -0.0578186 -0.157531 -0.220474 0.0859179 0.0714733 0.00610302 -0.0605216 0.15573 -0.09334 0.127925 -0.0807953 -0.0846112 0.120894 -0.0978694 -0.108976 0.0471453 -0.141149
0.112002 -0.119036 -0.373772 0.254808 -0.282077 -0.000471611 -0.102599 0.15949 0.211963 -0.155139 -0.232999 -0.209577 -0.219992 -0.242793 -0.102235 0.0675283 0.064512 0.339312 0.10003 0.551959 0.0521513 0.149369 0.386687 0.520592 -0.147337
0.11134 0.0684312 -0.10659 0.0240996 0.101262 0.337473 0.202169 0.0809486 0.135156 0.106586 0.0177886 -0.366046 -0.0397896 0.203624 0.0734747 0.0492351 -0.114107 -0.357908 -0.26917 -0.104487 -0.00414626 0.555823 0.00574863 0.172097 0.225452
-0.289821 -0.176976 -0.258324 -0.0104923 0.046628 -0.00245829 0.263327 0.18286 -0.148816 0.355787 0.00345317 -0.0674818 -0.218663 0.224981 -0.0224177 -0.0999593 -0.123306 0.0186058 0.238542 -0.133111 -0.170161 -0.0680096 0.0183548 0.0939394 -0.0193123
-0.154196 0.313396 0.274917 -0.268595 -0.117975 -0.00785831 -0.256385 -0.00255005 0.0752529 0.0403797 -0.0553523 0.150783 0.038526 0.0762586 0.0569927 -0.167019 -0.0962994 0.360918 -0.291449 0.184151 0.0856075 0.365354 0.188194 0.0836682 0.0175392
-0.16422 0.31744 -0.0724523 0.153762 0.010826 -0.0105493 -0.0547971 -0.222374 0.216854 0.103816 0.189544 -0.103448 -0.238533 0.414376 -0.118135 0.134206 0.0693525 0.00797239 -0.295297 0.164708 0.206861 -0.0750233 -0.415442 -0.0686756 0.178909
-0.126391 0.343133 -0.125463 -0.0577627 -0.0387807 -0.0417013 0.00420076 0.200569 0.153499 -0.0234047 0.313216 0.110801 -0.396693 -0.121332 -0.262451 -0.244979 -0.151675 -0.00345117 -0.113108 0.0225891 -0.133091 0.0698734 -0.0252779 0.130957 0.109729
-0.0137789 -0.053641 0.266622 0.076499 -0.0213748 -0.11933 -0.403478 -0.201822 0.0578148 0.207829 0.22814 -0.195371 0.0753596 0.162582 -0.0246701 0.0882467 0.0741935 -0.29528 0.0616859 -0.12099 -0.252985 0.0228648 -0.0489512 -0.0899032 -0.0842125
-0.00489833 -0.254377 -0.0387091 -0.0504931 -0.0891402 -0.124914 -0.347202 -0.106817 0.271612 -0.412867 -0.176739 0.0372328 0.0613745 0.208646 0.0067475 0.0283166 -0.505212 -0.0125159 -0.0593692 0.0417762 0.0147132 0.301096 -0.190543 -0.138288 -0.0225577
-0.22614 0.0696676 0.249352 -0.138797 -0.0802641 -0.1683 0.0629651 0.121121 0.290686 -0.144545 -0.326586 -0.0794317 -0.0935591 -0.0188791 -0.193925 0.328114 0.242498 -0.0576944 -0.0220984 0.222208 0.478293 0.0240336 -0.232459 0.177639 -0.042387
0.0647931 -0.282787 0.277541 -0.0587042 -0.259323 -0.0514559 0.202384 -0.488749 0.143244 -0.108484 0.159674 0.10641 -0.0454896 -0.265005 -0.0354647 0.0615925 0.00373902 -0.0195432 0.0121621 0.112182 0.14683 -0.157016 -0.185402 0.139639 -0.172076
-0.00556409 -0.146299 0.203359 -0.171361 -0.362238 0.094145 0.0159727 -0.0245232 -0.187134 0.0863769 0.187745 -0.00696797 -0.0605102 0.485849 -0.374716 -0.152986 -0.0457643 0.0644346 0.164308 0.0531 -0.073733 0.0849641 0.206305 0.0857523 -0.109391
-0.00740531 -0.0492492 0.106945 -0.263336 -0.013966 0.156281 0.0941775 -0.454808 0.0643643 0.127101 -0.0985276 -0.116915 0.129357 -0.0732501 -0.142221 -0.202381 0.0626624 0.203308 -0.244332 -0.0119077 -0.378816 -0.0694394 -0.122161 0.170076 0.350214
-0.14241 0.0157317 0.259171 0.317351 -0.414529 0.356003 0.118126 -0.181842 0.0643657 0.0475266 -0.0774039 -0.0875324 -0.144216 0.116297 -0.0938021 0.0414261 -0.150572 -0.229809 0.0898839 -0.267977 0.0189853 0.159693 -0.328253 -0.0293169 -0.0731072
0.210185 -0.0918488 -0.0856503 -0.104336 -0.239771 -0.115009 -0.0799789 -0.00980444 0.484476 0.346077 -0.063514 0.189696 -0.0209714 0.223756 -0.15312 -0.226012 -0.00681883 -0.00872737 -0.438025 -0.0266775 -0.22807 -0.00793821 -0.147412 -0.0985003 -0.0518415
0.0582162 -0.104549 -0.26759 -0.312989 0.0384973 0.209822 -0.238097 0.0520435 -0.0898794 0.0452576 -0.068141 -0.27886 0.012105 0.166057 0.0710796 0.096586 -0.0312609 0.132159 0.0395988 -0.432465 -0.134354 -0.153435 -0.0639313 0.473288 0.0419337
0.200253 0.0274103 0.457875 0.13127 0.102806 -0.150488 0.0448804 -0.03348 0.173271 -0.092519 -0.128666 0.0395833 0.0863628 0.0394816 0.29602 0.0395051 -0.00127492 -0.068415 -0.25909 -0.2302 0.220099 -0.131731 -0.0806048 -0.203363 0.248902
-0.167767 -0.0836397 -0.208774 -0.0654365 -0.0478263 -0.110582 0.0251587 -0.0029056 0.0494668 0.0317441 -0.145038 -0.0462359 0.0922794 0.300962 -0.286643 0.0883996 0.126639 -0.471048 -0.189651 -0.122559 0.165774 0.0299809 0.175302 0.220045 0.14113
0.222233 0.0148309 -0.586609 0.142907 0.0605246 0.158416 0.00356822 0.0059058 0.0731517 -0.0449097 0.0658567 0.188012 -0.0857934 -0.152012 -0.297613 -0.268415 0.00618254 -0.0121814 -0.194586 -0.00232035 -0.29525 -0.175042 -0.17361 -0.152873 -0.132742
0.0266706 -0.248066 -0.126871 -0.100735 0.0594929 -0.291858 0.400439 -0.382388 0.0337193 0.0169977 -0.109806 0.0777206 0.00242088 -0.303071 0.105599 0.308357 -0.237069 0.0135759 0.247442 0.00210469 -0.214619 -0.0258884 -0.0357255 -0.152049 0.284178
-0.0294972 -0.0336457 -0.0414586 0.0639598 0.209149 0.0438653 0.0717034 -0.149332 -0.0407822 0.0562686 -0.0584835 -0.0275276 -0.0181393 0.213065 0.311662 0.0855324 -0.128451 0.154397 -0.0206305 0.0861425 -0.226924 -0.117991 0.154203 -0.0306145 0.158668
0.208196 -0.101496 -0.110403 -0.221029 0.185287 -0.164457 -0.249926 -0.170769 -0.14087 0.0256554 -0.181108 0.182933 -0.28015 0.113735 -0.0515407 0.124323 -0.0190638 -0.0658126 -0.131309 0.305501 -0.0444031 -0.189005 -0.0127723 -0.00307468 0.0824801
0.1182 0.276513 0.608694 0.19334 -0.0379725 -0.21783 0.067381 -0.140687 -0.120725 -0.0607031 0.013548 -0.0979869 -0.249267 -0.0888645 -0.249655 0.00982585 0.0926278 -0.118097 0.168918 0.0939586 -0.0516034 -0.0491423 -0.0602218 0.080262 0.0316851
-0.093189 -0.0221042 -0.148801 0.0909381 -0.200143 -0.410728 0.0549454 0.116146 0.177999 -0.26048 0.00777541 0.0488264 0.0315418 -0.0360868 -0.00389319 -0.0255709 -0.134337 0.222923 0.139689 0.00555405 -0.142098 0.162809 0.10993 0.42223 -0.415082
-0.2809 -0.0518575 -0.237053 -0.0753912 0.180285 -0.0256479 0.360578 0.26104 -0.235958 -0.0331428 0.0673792 -0.0533727 -0.134068 0.00801285 -0.0237622 0.128599 0.0955617 -0.217905 -0.128765 -0.119546 -0.239937 -0.112123 -0.057734 0.495681 -0.193397
-0.0876973 -0.128297 -0.105699 0.144188 -0.116502 0.00482469 -0.275697 0.173567 -0.0294523 -0.365537 -0.148074 0.169626 0.319533 -0.128739 -0.1186 -0.184221 0.120403 -0.107416 -0.0366039 -0.168666 0.0317541 0.00827324 -0.288222 -0.161126 -0.175362
-0.0510483 0.0425194 -0.184406 -0.268074 0.289649 -0.068326 0.0750055 0.0698802 -0.122996 -0.569256 -0.388324 -0.0921542 0.161983 0.0493467 -0.000816129 0.00675728 -0.0461382 0.10099 -0.0584941 0.0995582 0.0841935 -0.120575 -0.0499875 0.0800902 -0.208952
-0.0909425 -0.0489872 0.0950718 0.0784305 0.0787415 -0.0664376 0.386515 -0.000877375 -0.0794612 0.144649 0.213184 0.16505 0.192616 0.0838617 0.313984 0.22267 -0.0420804 -0.0321812 -0.324226 -0.0338503 -0.0233022 -0.251606 -0.233234 0.131757 0.194684
0.000584305 -0.215792 -0.302234 0.143902 0.337674 0.0656243 -0.00755507 0.375133 0.184596 0.269015 -0.235537 0.168292 -0.0346161 -0.259515 0.0996726 0.195383 0.0497067 -0.12943 -0.369063 -0.10393 0.0353634 0.167197 0.513222 0.246477 -0.214214
-0.161056 0.283134 0.023144 -0.0558846 -0.0474428 -0.439889 -0.0255626 0.237928 -0.100404 0.0978272 -0.206011 0.199148 0.0863579 0.192067 0.394975 0.0335033 -0.241975 0.211137 0.220699 -0.210288 -0.0581423 0.0624079 -0.19347 -0.309055 -0.084951
-0.267436 -0.0348055 0.110312 -0.1445 -0.0412825 0.0539359 0.143178 -0.0244514 0.0691167 -0.24472 -0.223355 0.0574745 0.042397 0.0237203 -0.156388 0.22872 -0.345774 0.169682 -0.310591 0.172166 0.284436 -0.323178 -0.13036 0.0947546 -0.128608
-0.0317284 -0.283909 0.124406 0.17238 -0.234457 -0.00724972 0.1994 0.211338 -0.0662139 0.296123 0.2248 -0.226751 -0.231 0.0919969 -0.0325972 0.0153587 -0.199859 0.273685 0.0850515 -0.0507944 -0.0792087 -0.0985254 0.175286 -0.174123 -0.128043
0.298392 -0.0101009 -0.295622 -0.0478883 -0.129055 -0.166928 0.00219263 -0.0638985 -0.360615 -0.00859993 0.0999802 -0.403007 0.260422 0.200923 0.194188 -0.429072 -0.202627 -0.0765225 0.0967553 0.046721 -0.00131209 -0.239904 0.0857339 0.239263 -0.172846
0.212842 0.0587532 0.17591 -0.365017 -0.0145573 -0.252788 0.00526141 -0.180751 -0.0244334 -0.201284 -0.155932 -0.329421 -0.140312 -0.162447 -0.360382 -0.128836 -0.135782 0.110412 0.0131931 0.0396136 -0.259773 0.0804241 0.0732245 0.196333 -0.179265
0.0461476 0.319943 0.490648 0.0461628 0.00815767 -0.147823 -0.100091 0.276754 0.153489 0.00507448 -0.0906747 0.0800897 -0.0313184 -0.317567 -0.0931714 0.0118757 0.272243 0.163153 -0.0664473 0.0425658 -0.112888 -0.150209 -0.0155523 -0.106244 0.00397846
-0.0616103 -0.339888 -0.228274 -0.076285 0.160008 -0.170173 -0.0141908 0.36414 0.118546 -0.0569869 0.097301 0.0012414 0.0883018 -0.347612 0.112092 0.334153 -0.553206 0.193071 0.128252 0.201739 -0.294068 -0.0469816 -0.0806198 -0.11599 0.094537
-0.258908 -0.0462394 -0.383789 -0.185342 -0.0289079 -0.0632471 -0.0624002 -0.0390577 -0.156166 0.200934 -0.0162524 -0.288177 0.127709 -0.1468 -0.40582 0.0944337 0.0735102 -0.118637 -0.0258093 0.132299 0.0315491 -0.0450013 -0.226273 -0.0417954 0.0511075
-0.078082 -0.194981 0.326149 -0.357692 -0.200545 0.152191 0.0339465 0.0816072 -0.00877553 -0.0830963 -0.0205183 -0.280316 -0.0462108 0.0152928 -0.17139 0.123118 0.0627965 0.336084 0.39174 -0.169453 -0.177228 0.13291 0.269479 -0.0974972 -0.0493413
0.0093097 -0.243719 0.189478 -0.165165 0.118851 -0.0494005 0.275566 0.270934 0.0172762 -0.0706418 0.0294648 0.200066 0.125955 -0.0213762 -0.00756613 -0.154361 0.163921 0.232494 -0.234815 0.230557 -0.00855218 -0.0169302 -0.0471024 -0.0832345 0.0141373
0.299903 0.164986 0.323554 0.146284 -0.127741 0.00202906 0.239989 0.0945533 -0.254991 -0.116973 0.331995 -0.00650744 0.105285 0.119726 -0.199257 0.0427992 0.0658959 0.108044 0.163412 -0.146153 0.116001 -0.0663033 -0.242872 -0.202426 0.134572
0.0633188 0.0202294 0.127022 0.276707 -0.261457 -0.115431 -0.378397 -0.0566757 0.239474 -0.0458737 0.132352 0.029281 0.352001 -0.0439446 -0.0740517 -0.377185 -0.137445 0.159613 0.0654122 0.311775 -0.0863515 0.0967472 0.0529154 -0.351696 -0.154151
-0.0424431 0.04528 0.136924 0.0204305 0.110692 -0.18053 -0.125161 0.172191 -0.062284 0.286875 -0.186822 0.14653 0.0260705 -0.0715653 0.0613773 0.307337 0.0230886 -0.0802347 -0.192786 0.174291 0.0380173 -0.236309 -0.311356 0.1505 0.351625
0.19116 0.0869409 -0.00679623 0.207892 -0.17532 -0.12276 -0.165037 0.190154 -0.134671 -0.263077 -0.137794 -0.0941909 0.409737 0.0750175 0.418058 0.0975728 -0.0944552 -0.124826 -0.171631 -0.102052 -0.0658919 0.403941 0.383113 -0.424319 -0.0845904
-0.034536 0.0551847 -0.0779797 0.306281 0.237686 0.355325 0.393258 -0.0199378 -0.0272785 -0.0421327 -0.304373 0.144619 -0.065167 -0.0174837 -0.0957493 -0.13457 0.0627151 0.148868 0.0949052 0.0959431 0.0909279 -0.0752734 -0.0386019 0.1011 -0.288168
0.109276 0.0445874 -0.311131 0.114533 0.0686183 -0.028361 -0.0594306 0.234473 -0.19908 -0.154407 -0.427657 0.0590121 -0.0108431 -0.085414 -0.208777 -0.263588 -0.14985 0.123237 -0.253834 -0.0192076 0.303705 -0.111259 0.0100977 0.344326 0.0041072
0.300127 0.0515991 0.150373 -0.0295939 0.442182 -0.0524416 -0.156311 -0.015478 -0.028503 0.11475 -0.161447 -0.374091 0.151607 0.136815 0.143503 -0.0196648 -0.14034 0.120308 0.273317 -0.0051549 -0.186812 0.143853 0.119883 -0.176454 -0.216099
0.00461328 -0.184782 0.190459 -0.138498 0.0891943 -0.0553764 0.47479 0.00401006 0.0621485 0.122047 0.0776903 -0.41049 -0.0515221 -0.023583 -0.19777 -0.262243 0.165836 -0.0996935 -0.182402 -0.17073 -0.110102 0.10223 0.0569936 0.0836987 0.0195238
0.180612 -0.542971 0.169098 0.345946 0.0698424 -0.246865 0.018831 0.0926834 0.247048 -0.0223454 0.324563 -0.0948755 -0.245923 -0.264676 0.143754 -0.0242062 -0.0843948 -0.172476 -0.111794 -0.0265481 -0.441976 0.29734 0.24313 -0.0690147 0.0663945
-0.380739 0.256046 0.1171 -0.117023 -0.112252 0.168541 0.0568154 -0.0833787 0.0107068 -0.0167651 -0.377076 0.12379 -0.270716 -0.13414 -0.141294 -0.168898 -0.0592938 0.114989 0.116083 -0.0300641 -0.146216 0.330386 -0.0273919 -0.0946517 0.106819
-0.108255 0.0984385 -0.125716 -0.0656668 0.00178827 0.0930758 -0.152618 -0.16631 -0.344533 -0.0616117 0.19465 0.00335592 0.0169829 -0.12392 0.116306 0.221163 0.268938 0.12576 -0.211351 0.0641931 -0.32216 0.038499 -0.168337 -0.0641553 -0.126989
0.0366956 0.0860196 0.0652241 0.328841 0.185267 0.190659 -0.4371 -0.289532 -0.113062 -0.0887435 0.0736121 -0.145128 -0.213436 -0.21443 0.12527 -0.0128127 0.048795 0.180156 -0.00722534 -0.13663 -0.0619668 0.311469 -0.170101 -0.187235 -0.0882957
0.0119005 -0.398347 -0.0592745 0.245518 -0.233264 -0.282692 0.252232 0.00825842 0.15479 -0.271776 -0.60527 -0.0645696 0.0527841 0.150278 -0.0844759 -0.267153 -0.0357294 0.0310437 -0.0804833 0.0473128 0.0835363 0.147946 0.03721 0.18216 -0.0879297
-0.0546977 0.131195 -0.221435 -0.117615 -0.0188539 0.13755 0.0699522 -0.305428 0.105835 0.174398 0.00947749 0.107782 0.00712849 0.227164 -0.147381 -0.168565 0.120397 0.392489 0.138923 -0.193494 -0.293935 0.399745 -0.0186087 0.0896666 0.113255
0.0533002 -0.0810097 -0.0199394 -0.0666531 -0.173398 -0.131563 -0.0761018 -0.0253797 0.0810678 0.119799 0.266726 -0.141452 -0.121884 0.0308871 -0.186499 -0.117511 0.10733 0.160169 -0.0673881 0.0181108 0.0802099 0.00670153 0.057707 -0.153556 0.288396
0.0508543 0.153178 -0.0617062 0.326386 0.316387 -0.313685 0.146013 0.0772359 0.113302 -0.214945 -0.250721 0.00885517 -0.249959 0.0279653 -0.0326471 0.109277 0.115216 -0.0621961 0.127576 -0.0237135 -0.254678 -0.0928768 -0.219517 -0.183049 -0.128843
0.187904 0.102242 -0.0040316 0.0860913 0.0540041 0.0995403 0.166953 0.00963649 -0.0964886 -0.00758765 -0.0688025 -0.0786798 0.158965 0.0284276 -0.153571 -0.052462 0.0743753 -0.146147 0.0323414 0.125532 0.039093 0.0746549 -0.0329474 -0.00466592 0.384765
-0.00678146 -0.0668849 0.063659 0.171761 0.0137191 0.125258 -0.0358779 -0.175477 -0.171489 0.473189 -0.0981144 0.0531103 -0.183912 -0.196479 0.136243 -0.0929238 -0.191066 -0.134213 -0.0266362 -0.0437408 -0.0887488 -0.215144 -0.171599 -0.00124735 0.146688
0.285418 -0.250564 0.117971 0.045786 0.0847967 -0.0633777 -0.303359 0.126429 0.12803 0.0830855 0.033434 0.132748 0.186527 0.312733 -0.209216 -0.0494733 0.0995642 0.0179295 0.2271 0.0163948 0.164282 0.26713 0.173215 -0.26584 0.153394
-0.0123594 0.0416437 0.468346 0.0800818 -0.104527 0.0604675 -0.0508215 0.139666 0.0098983 -0.135797 0.0546901 0.0685994 -0.295304 -0.0675808 0.309724 0.103777 -0.0845048 -0.496297 -0.269774 0.32099 0.0607644 0.10049 0.0746262 -0.232449 0.136474
-0.0730382 0.120512 -0.0653794 0.128959 -0.105496 -0.157852 -0.101729 0.00566331 0.287373 -0.0958558 -0.0760615 0.0836608 -0.0950215 -0.120811 0.334146 -0.235987 -0.0469965 -0.133565 -0.0748654 -0.171611 0.0133194 0.143702 -0.132234 0.284417 0.0591605
0.023572 -0.238159 -0.133229 0.192006 0.368316 0.0689921 0.0693569 -0.112749 0.0137683 0.0540381 0.271852 0.0316013 0.375075 0.233628 0.219573 0.00383809 0.0554696 0.00114272 0.0259719 0.0507568 -0.00443327 -0.0926457 -0.417628 -0.287246 0.165482
0.0540911 0.00816025 -0.182088 -0.0609303 0.0252717 -0.260688 -0.168933 0.118063 0.00792925 0.116491 -0.0402282 -0.106268 0.27356 -0.184244 -0.0710924 -0.0655005 0.0840977 -0.096603 0.0817726 -0.155676 0.0328957 -0.0144483 -0.00233649 -0.0843308 -0.215466
-0.22784 -0.239381 0.17978 -0.0703231 0.329457 0.157883 -0.0356052 -0.00807369 -0.0879476 0.0299243 0.127819 -0.0707279 0.0255923 0.469077 0.223216 -0.223102 0.184976 0.128919 -0.110207 0.252826 -0.0723958 -0.0318527 -0.170766 0.195175 0.0444671
-0.0967019 0.0687754 -0.214757 0.269264 0.017485 -0.019017 -0.124193 0.00459216 0.168158 -0.0626212 -0.128953 0.0845713 0.181325 -0.0401922 0.0936041 -0.115765 0.0837683 0.313744 0.0231193 0.0346752 -0.0388713 0.0844475 0.190776 -0.256215 -0.128181
-0.186493 0.23746 0.0449752 0.0298595 0.0602943 0.146729 0.174524 -0.18484 0.0796631 -0.128333 -0.337056 -0.0733749 -0.186624 0.102986 0.167662 0.314922 0.153118 0.380616 -0.0814199 -0.143594 -0.467479 0.25681 -0.0966611 -0.188094 -0.161236
-0.103145 0.201516 0.0581875 -0.140372 -0.0183593 -0.150924 -0.0766678 0.319781 0.0203538 -0.30982 -0.033994 -0.138166 -0.0580464 -0.0164164 -0.0164448 0.138119 0.0672426 -0.181464 -0.0131843 -0.0079114 -0.135248 0.138399 -0.261707 0.324184 -0.0693838
0.211162 0.041837 0.043335 -0.00271978 -0.0953945 -0.300159 0.136081 -0.337488 -0.0931476 -0.0699839 0.0896063 0.271359 0.0143727 0.0716269 -0.0341642 -0.166008 0.129608 -0.0296234 0.142777 -0.0640138 0.0969548 0.148451 0.110319 -0.28046 -0.0411409
0.141978 0.0473713 -0.360684 0.117313 0.255302 0.395181 0.0894768 -0.00226189 -0.175642 0.160398 0.0861741 -0.111193 0.157831 -0.080694 -0.0813799 -0.0522302 -0.0282535 0.156161 0.0367131 -0.548226 -0.124811 -0.0464314 0.127406 0.015632 -0.157032
0.0451905 0.172215 0.114531 0.187063 0.232577 0.284382 0.00873841 -0.187505 -0.285084 0.200156 0.0160286 -0.0251373 -0.339919 -0.109794 -0.183437 0.150575 -0.368287 -0.0240213 -0.12513 -0.272655 0.243179 0.170915 -0.396714 0.139584 0.489868
0.0497613 -0.0982935 0.0424665 0.188921 0.0544312 0.000331304 0.0602786 -0.342735 -0.0396689 -0.207559 0.0127407 -0.185957 -0.301888 -0.121567 -0.0283947 -0.106368 0.0648516 0.158545 0.0924141 0.0668264 -0.50149 -0.209283 -0.0622295 0.0655772 0.213331
-0.199302 0.0776997 -0.0118782 -0.0785605 0.124311 0.0219813 -0.179348 -0.00297286 -0.0104718 -0.1039 -0.10581 0.298313 0.0548861 0.113846 0.16398 -0.101368 -0.0676511 -0.0288858 -0.0399248 0.107789 -0.0785806 0.204109 0.116873 -0.00517769 0.137861
0.108211 0.00481415 -0.1582 -0.210539 -0.140679 0.284894 -0.192246 0.211663 -0.159571 0.0821912 -0.1796 0.247305 -0.0294275 0.167949 -0.0327001 0.0884396 -0.0899604 0.241329 -0.117718 0.507671 -0.0407979 -0.137128 -0.0980322 -0.0961609 -0.17872
0.0111923 -0.172863 0.215333 0.219382 0.128511 -0.0426302 0.090577 0.180539 -0.261719 -0.0898867 0.290479 -0.24385 0.148174 -0.144951 0.00236972 -0.365789 -0.055743 0.051327 -0.0592455 0.16394 -0.0686529 -0.126189 0.218896 0.0960337 0.0929411
0.0107956 -0.0523743 -0.140321 -0.0113672 0.230321 -0.20498 0.126184 0.142501 0.0609005 -0.0607564 -0.00506305 0.123164 0.0663763 0.0812432 -0.11298 -0.035634 -0.247162 -0.431265 -0.154447 -0.0683232 0.0110749 0.234196 -0.127868 0.103021 -0.0287905
0.101273 -0.161462 -0.0944473 -0.118095 -0.240264 -0.128274 -0.14117 -0.129164 -0.355365 0.0138478 -0.0987032 -0.0865044 0.357894 -0.0849829 0.0536728 0.190068 -0.204712 -0.302383 0.244352 0.236429 0.0661967 0.349921 -0.115019 0.0465579 -0.434478
-0.0693241 0.108067 -0.0333876 -0.203126 0.197153 -0.0815247 0.151017 0.0232277 0.0884204 0.00953364 0.087022 0.248631 0.0574255 -0.139539 0.00325203 -0.0883613 0.3727 -0.032178 0.10617 -0.141658 -0.345702 -0.110184 -0.0554237 0.0159324 0.112811
0.0739532 0.0177001 0.130016 0.221507 -0.154984 -0.0469338 0.156306 -0.038129 0.186225 0.526971 0.128225 0.125366 -0.128376 -0.073585 0.0201391 -0.140902 -0.00515352 0.172625 -0.292198 0.28722 0.0870014 0.125741 -0.0668556 0.284014 -0.239002
0.176992 -0.134092 0.00212175 0.103626 -0.131555 -0.0316622 0.206919 0.174509 -0.0771063 0.211145 -0.0473815 0.0386671 -0.153278 -0.201245 0.018216 0.0420396 0.0986373 0.149483 0.135594 0.243832 0.190933 0.239796 0.256726 0.0582664 -0.165539
0.0931735 0.151978 0.0796506 0.24068 -0.0560651 -0.0792236 -0.0981728 -0.0814654 0.0853224 -0.345575 -0.0300101 0.0859686 -0.183943 -0.23073 -0.0742765 0.17346 0.0687134 -0.056221 -0.0393375 -0.158971 0.498447 0.150619 -0.0352848 0.0637808 0.254955
-0.102974 0.091389 0.221539 0.0894406 0.127814 -0.22468 -0.0808104 -0.205284 0.025088 0.176573 -0.10741 -0.00725077 -0.0441711 0.11403 0.303508 0.0577841 0.206029 0.336376 -0.140403 -0.146882 0.209909 -0.0987744 -0.187554 0.234052 0.414911
-0.221755 -0.155261 -0.0836509 -0.135722 -0.0651258 -0.090069 0.101856 0.220479 0.100521 0.00904653 -0.181097 -0.223276 0.0866312 0.160612 -0.219131 0.20828 0.0402467 -0.0183294 -0.0385389 -0.108328 -0.12477 0.0775289 0.130152 0.0960877 -0.113109
-0.426621 -0.166087 -0.0827538 -0.149964 0.0871083 -0.343225 0.0840874 0.122114 0.0466553 0.211127 0.201616 0.197598 -0.0894968 0.0190784 0.248095 0.0321383 0.412793 -0.0138913 0.0495168 -0.283351 -0.0629578 0.00877099 0.342494 -0.0206253 0.38225
0.241202 -0.0633454 0.0869067 -0.10845 0.102789 -0.0681172 -0.406353 0.030663 0.0509782 0.00706048 0.106512 -0.148972 0.338972 -0.00772509 0.120715 0.271139 0.113647 -0.123187 -0.00240295 0.331882 -0.374948 -0.049396 -0.0443098 0.141037 -0.259757
0.207738 0.0873653 -0.22538 0.139134 -0.0510294 0.128657 -0.309713 0.0323765 0.0845399 0.142764 -0.0666272 -0.147747 0.21173 -0.0871753 -0.0121158 0.0578927 -0.381071 0.112372 -0.121885 0.0282311 0.270272 -0.244145 -0.0784485 0.32111 0.0173639
0.0855471 -0.0712111 0.287528 0.160937 0.0125387 -0.284024 -0.108056 0.00350464 -0.173515 -0.0245905 0.293383 0.23048 0.0998428 -0.452417 -0.333097 -0.016907 -0.0918933 0.263673 0.241554 0.428077 -0.0835566 -0.144765 0.0440043 -0.0468892 0.164648
-0.00541983 0.0810304 0.151322 0.280219 -0.125556 0.238031 -0.109046 0.00299852 -0.0429432 -0.226277 0.351269 -0.13047 -0.145909 0.064691 0.0839049 0.388955 -0.0737244 0.160341 0.0430659 0.155492 0.426702 0.0895359 0.024108 0.17348 -0.363087
-0.157155 0.0567872 0.0282199 0.202621 0.0831607 -0.0177383 -0.266606 0.034445 -0.133014 -0.215211 -0.289674 -0.0120226 -0.028484 -0.189427 -0.108337 -0.126962 0.0139423 0.000240946 0.193271 -0.305757 -0.239363 0.0994522 -0.283617 -0.248667 0.0476235
-0.249406 0.22255 0.0562564 0.479085 0.0290053 0.238057 0.140771 -0.315605 0.230965 0.0491442 -0.191648 0.10342 0.0268087 0.0666458 0.144875 0.209708 0.0587362 0.199839 0.0571451 0.105718 -0.0418134 -0.203066 -0.132106 0.16982 -0.188793
-0.37325 0.211828 0.0327533 -0.0337462 0.104627 0.189919 0.0874779 -0.276572 -0.0158411 -0.281789 -0.143974 0.0115319 0.235383 0.117269 0.00975702 0.00300269 -0.227889 -0.206884 -0.00296517 0.0884776 0.0393056 -0.00130519 0.25161 0.231983 -0.0763285
-0.0770973 0.131827 0.0221051 -0.0292582 -0.0227712 -0.414361 0.115129 -0.0141844 -0.133119 -0.0543142 0.0075563 0.092137 -0.111028 -0.166204 -0.169482 0.0728645 0.186517 0.108655 0.191161 -0.32706 0.244034 -0.1524 -0.183279 -0.176838 -0.0374509
0.0688296 -0.0521505 0.363244 -0.112547 -0.210691 -0.0348546 0.117128 -0.175701 0.114093 -0.299704 0.103262 0.12456 0.263533 -0.00584288 0.0632101 0.203739 -0.0459254 0.0487877 0.305707 0.0600666 -0.0159603 0.102105 0.00606928 -0.30942 0.137971
0.242932 0.0335596 0.26959 0.0790219 -0.109193 0.168228 0.181772 -0.286426 -0.00677494 0.267909 -0.373676 -0.0491486 -0.161224 0.0705454 -0.155479 -0.0400672 0.214628 0.16141 0.042182 0.0504027 -0.0505273 -0.130682 -0.00273374 -0.281045 0.166834
-0.223779 -0.0782276 0.140305 -0.0719418 0.0178343 0.0153044 0.103194 0.189943 -0.0274572 -0.173139 -0.185283 0.22499 0.311979 -0.316712 -0.10804 0.181096 -0.0378316 0.0456331 -0.107024 -0.179665 -0.0260321 0.00898782 -0.306712 0.0696854 -0.100033
-0.0619879 -0.256416 -0.0169358 0.0816189 0.224193 -0.00643079 0.234217 -0.257044 -0.357202 0.221905 0.338746 -0.114677 -0.139642 -0.147686 -0.324831 0.179036 -0.0157039 -0.0840671 0.449597 -0.0417903 0.0896291 -0.137367 -0.0062157 0.127199 0.0331336
-0.358046 0.0739479 -0.187113 -0.00309644 -0.189152 0.042719 -0.171125 0.194382 -0.167046 0.166742 -0.437943 -0.141936 -0.164525 0.470811 0.0228075 0.0120207 0.0373093 -0.0502043 0.456323 -0.06642 -0.167909 -0.118525 -0.0974281 0.245322 -0.0951675
-0.130346 0.138704 0.123236 0.131209 0.110878 0.0398181 -0.0463621 -0.021241 0.203609 0.1266 -0.194394 -0.261942 -0.148262 -0.0720038 -0.0949202 0.239654 -0.114028 0.0791347 0.290816 0.0337044 -0.0245401 0.0124087 0.0552597 -0.1332 -0.313221
-0.0402988 0.135809 -0.0676974 0.184349 -0.34675 -0.0264332 0.0796258 0.261588 -0.084092 -0.185191 -0.0965343 0.110256 0.170334 -0.139253 0.143948 0.307483 0.347874 -0.157402 0.4226 -0.129868 0.0379634 0.0315611 -0.0501036 -0.142731 0.0294806
-0.233751 0.063901 -0.0690335 0.0254623 0.0532486 0.0284225 0.127418 0.263687 -0.037534 -0.179262 -0.173118 0.187163 -0.202494 -0.0544014 0.463606 -0.0903342 -0.0279159 -0.204829 0.181855 0.372175 -0.0946013 0.103109 -0.161317 -0.245397 -0.0937643
-0.158959 0.00838133 0.131002 -0.0767624 -0.0206383 0.0970637 0.00828167 -0.0815227 -0.0422712 -0.0152478 -0.156833 0.252682 0.0228729 -0.0825466 0.157237 -0.0920766 0.143693 0.30674 0.361401 -0.0738476 0.135196 0.325357 -0.221044 -0.276505 -0.0176136
-0.0827106 0.0814117 -0.152815 -0.236087 -0.014363 0.134391 -0.125364 -0.0525508 -0.0379284 0.0273141 0.176479 0.0839513 -0.117065 -0.115333 0.224506 0.172809 -0.0512387 -0.0427447 -0.202896 0.0919523 -0.12203 0.0461122 -0.113852 0.326731 0.0947031
-0.14064 -0.0934576 0.281261 -0.0354525 0.259372 0.124134 0.0109599 0.0199965 -0.1228 0.00820818 0.0743729 0.0567711 0.264685 -0.195427 -0.272279 -0.120407 -0.15496 0.0194955 0.17872 0.132635 0.173122 -0.125867 0.121015 -0.037021 0.00268678
0.145561 0.0406882 0.0821327 -0.0476507 0.0228047 -0.171108 0.0248884 0.140804 0.121323 0.000725331 -0.219543 0.0381044 0.036006 0.0351785 0.29813 -0.10838 0.314785 0.225087 -0.0295556 0.0493557 0.187577 0.178201 0.216918 0.197743 0.139588
-0.115866 0.0307982 -0.3674 0.340907 -0.214578 -0.0629687 -0.0960294 -0.173584 -0.170081 -0.280204 0.12994 -0.101646 0.120329 0.138863 -0.242876 -0.00559578 0.0541066 -0.0550819 0.00720946 0.0134094 -0.073689 -0.0670805 0.0362828 -0.12596 0.165534
-0.0713417 0.0170331 -0.132125 -0.0257596 0.0243574 -0.10119 0.0457309 -0.222949 -0.126815 0.291007 0.042163 -0.212451 0.129525 -0.0341646 -0.0215449 -0.0212935 -0.281427 -0.129547 0.197952 0.0699833 -0.12981 0.154835 -0.0573583 0.0147371 -0.00816014
-0.0661042 -0.131271 0.193816 -0.298488 -0.0730471 -0.334297 0.112781 -0.0146994 0.254371 -0.0803283 0.132851 -0.184351 0.0147044 -0.0880697 -0.149436 -0.150561 0.224025 0.232879 -0.264131 0.171004 -0.0642776 0.0682253 -0.277765 -0.246223 0.178558
0.00232405 0.039405 -0.0020768 -0.00384978 0.0278851 0.190058 0.0553221 -0.287651 -0.0895595 0.296493 -0.372629 0.0706394 0.0146633 0.0439388 -0.0448668 -0.125123 0.127215 -0.0798444 0.0844374 0.218837 -0.339134 -0.146248 0.0399017 -0.250583 -0.00597146
-0.201905 0.136123 0.208122 -0.131997 0.13589 -0.267124 0.214762 0.0289643 -0.0156707 -0.0153142 0.188646 -0.128575 0.000102509 0.00312464 0.396388 -0.0534759 -0.260996 -0.0183643 -0.239212 0.376437 0.0199828 -0.10281 -0.0384631 -0.269407 0.12048
-0.14337 0.166063 0.0222865 -0.120336 0.293832 0.088191 -0.174946 0.036633 0.133069 0.0355262 0.158997 -0.195769 -0.309068 0.211145 0.00378968 0.195477 -0.0847769 0.0889068 -0.137633 -0.107347 -0.0375409 -0.199214 0.166822 0.010392 -0.1561
0.064014 -0.249824 0.204236 0.26924 -0.0697944 -0.168571 -0.0333813 0.0266643 -0.310489 -0.0462829 0.12212 0.246529 0.0288783 0.107913 0.228688 -0.274754 -0.0910775 0.0780931 0.181452 -0.106764 0.00618832 0.228628 -0.113977 -0.0988071 -0.435835
-0.0267014 0.197475 0.16737 0.239118 -0.0538803 0.111623 -0.485973 -0.256427 0.461974 0.145215 0.120127 -0.511113 -0.0645114 -0.342173 0.104546 -0.154362 0.0596668 0.177631 -0.112263 -0.0086686 0.121237 -0.258398 0.109272 0.00499714 0.116189
0.103193 0.0524808 0.0525322 0.111777 0.132286 0.240178 -0.219673 -0.254464 0.0204564 -0.267466 0.0184295 0.116865 0.168666 -0.234512 0.00308351 -0.176879 -0.227814 0.0934188 0.0719208 0.125002 -0.307609 -0.0899421 0.122445 0.34477 -0.000882272
-0.129474 0.123577 -0.130368 -0.303286 -0.438683 0.329644 -0.0662652 0.338487 0.196712 0.00323875 -0.00104173 -0.179138 -0.0379855 -0.0601553 -0.151763 -0.286856 -0.133976 0.0563619 -0.188731 0.208418 0.185579 0.365668 -0.127702 0.0284828 -0.276518
0.0796772 0.0733762 0.0727944 0.192078 -0.127168 -0.106658 0.114654 -0.0875407 0.201264 0.0833931 -0.121633 0.023113 0.262303 0.141531 0.18227 -0.243068 0.0313883 0.25121 -0.180062 -0.186179 -0.0601485 0.0790207 0.0932512 -0.0157724 0.152746
-0.488932 -0.12226 0.0299872 0.020623 -0.237287 -0.0193849 -0.0444105 0.0430549 -0.402912 0.0618429 -0.232147 -0.0164375 -0.278501 -0.107538 0.459845 -0.270693 0.00651505 -0.242402 0.272646 0.0531146 -0.321756 -0.0647954 -0.107954 -0.392025 -0.0161231
-0.214383 -0.255636 0.00685926 0.0148861 0.0649381 0.236095 0.207509 0.0735421 -0.0553048 0.0161999 0.202001 -0.0702095 -0.0728868 -0.031268 -0.0351783 -0.0530485 0.0359226 -0.189322 0.126848 0.101942 0.065615 0.137481 -0.143808 -0.168757 -0.481915
-0.557678 -0.155945 -0.11128 0.0114686 -0.129579 0.0168079 -0.0177273 0.136447 0.0501216 0.211364 0.135194 -0.115017 -0.299743 -0.0310347 -0.131002 -0.218835 -0.339004 -0.246708 0.089154 -0.38939 -0.00721355 -0.0522215 -0.0957033 -0.0312692 -0.0899902
-0.110023 -0.238407 -0.158111 -0.021708 -0.218248 -0.249136 0.0636892 -0.0361751 -0.0193688 0.00438809 -0.210174 -0.0281836 0.117018 -0.0352971 0.104596 -0.0157806 0.0562896 -0.188345 -0.248335 0.0556374 -0.31463 0.0187221 0.18992 0.045154 -0.0183076
0.251042 -0.0417011 0.0820414 0.275298 -0.0101203 -0.223109 0.000953777 0.131323 -0.0771224 -0.00688788 -0.144416 0.145911 0.186664 -0.083464 0.258689 -0.117585 0.165942 -0.156759 -0.0804918 0.0476222 0.325142 0.0642515 0.00104538 0.000458019 -0.224147
-0.187859 0.0877249 0.0540278 -0.0946666 -0.339336 0.172353 -0.172946 0.0270057 0.142614 -0.0010975 -0.500834 -0.0369119 0.0838084 0.16349 0.0404625 0.0860071 0.0828403 0.0517992 0.21651 0.265211 0.0705592 -0.049766 -0.277518 -0.180715 0.173
-0.0651513 -0.412435 0.709537 -0.0344853 0.232282 -0.300997 -0.177442 0.292929 0.139917 0.0885398 -0.304084 0.136677 -0.197107 0.0117765 0.102051 0.0345067 -0.0497248 -0.139031 0.283224 -0.0333264 -0.138214 -0.228138 -0.238039 0.14548 0.186665
-0.260659 0.219846 0.0346003 0.0572925 0.291305 -0.281382 -0.0294333 -0.281323 0.0873798 0.214773 0.141191 -0.0131843 -0.0374533 0.231034 0.0663725 -0.0959034 0.0249147 0.0830827 -0.0863102 0.018413 -0.0911195 0.131515 -0.282224 0.115246 -0.0974567
0.183172 -0.10042 -0.288144 -0.0348672 -0.0494975 -0.121212 0.00334287 0.178399 0.464296 0.333857 0.00726916 -0.00730353 -0.158351 -0.216627 -0.188571 -0.114142 -0.182322 0.00513184 -0.032405 0.107733 -0.111297 -0.065616 0.0514195 0.0401647 -0.0117131
-0.0801192 0.213978 0.323987 0.275638 -0.255671 -0.222167 -0.285148 0.0749025 -0.25829 -0.124297 -0.026187 -0.298811 0.0261619 -0.0553251 -0.100843 0.242388 0.240687 0.0645743 -0.163612 0.0431239 -0.326071 -0.146305 -0.201095 -0.382124 -0.314562
-0.20715 0.147876 0.0557298 -0.141993 -0.0103837 -0.100495 -0.0451946 -0.103663 -0.0803923 0.162587 0.0988087 -0.0385131 0.0499237 -0.223764 -0.24708 -0.152159 0.17787 -0.00483568 0.278889 -0.0865037 0.077154 0.0334393 -0.0552078 0.213977 -0.0775926
-0.125588 -0.128255 -0.0777339 -0.111764 0.21761 -0.071623 -0.0725218 -0.0220051 -0.0734535 -0.189283 -0.0108272 -0.166336 -0.0963037 -0.29469 -0.119901 0.0355572 -0.033309 -0.0134697 -0.0121373 -0.076382 0.327901 -0.151616 -0.135955 -0.0606451 0.113401
0.0186027 -0.214035 0.0760369 0.410547 0.219178 0.0353973 0.0166339 -0.0500101 -0.068738 -0.0246145 0.112524 -0.0118673 -0.16547 -0.122735 -0.00181282 0.0678383 -0.119758 -0.325361 0.163446 0.120441 0.00887675 0.0901364 0.0169933 -0.0586146 -0.303223
-0.0989116 -0.146864 0.267099 0.193317 0.465306 -0.158505 0.206882 -0.0501311 -0.138904 -0.0302709 0.0587018 -0.00635701 0.0332856 -0.147194 -0.257929 0.205245 0.0413138 -0.00780644 0.168922 -0.202675 0.138512 -0.0850436 0.0372192 0.0844828 0.352073
-0.0765796 0.0369482 0.192048 0.0466496 0.0281499 0.0419009 -0.120724 0.338079 0.0751708 0.151447 0.0611134 0.265275 -0.0707031 0.0743842 0.0326181 0.179696 -0.0173124 -0.0743434 -0.124017 0.0572829 0.238456 0.0862976 0.346896 -0.420418 0.198807
-0.021595 -0.184963 -0.164396 0.332615 0.32013 -0.218645 -0.212091 -0.239601 -0.0692555 -0.164939 -0.417775 -0.11589 -0.216561 -0.0769883 0.074595 -0.102898 0.215266 0.107991 0.199017 -0.0495437 0.308812 0.0328335 0.130111 0.0597186 -0.0423144
0.0490932 0.127634 0.160659 -0.0251844 -0.1113 0.0249787 0.28072 -0.091235 0.107377 0.259222 -0.00375568 0.0174428 0.327009 -0.0261804 -0.0764596 0.0982707 -0.0737847 -0.202737 -0.175731 -0.168826 -0.0966407 -0.13987 0.234227 -0.172662 -0.0548594
-0.168215 -0.157156 0.160823 0.0132006 0.285056 0.163756 0.258491 0.278871 0.166296 -0.0412488 0.10342 -0.335281 0.103504 0.0539069 0.102089 -0.25084 0.0400638 0.123297 -0.0263104 0.119175 -0.245757 -0.286401 0.251713 -0.242853 0.0599797
0.0145134 0.109503 0.0338075 0.0078311 0.122722 0.200478 0.108525 -0.274056 0.0864567 -0.250064 0.0248597 0.104386 0.0114171 -0.076777 0.220999 -0.096631 0.173914 0.110656 -0.212229 0.0325979 0.129383 0.0975269 0.0411316 -0.0137307 -0.292534
0.20949 -0.0336772 -0.0257975 0.217027 0.333026 0.161209 0.237271 -0.0830311 0.147809 0.115726 -0.117946 -0.217058 -0.0534713 -0.121792 0.167108 0.313583 0.00237232 -0.144996 0.0119081 0.18484 0.133507 0.0499351 -0.00840267 -0.367848 0.453387
-0.0973828 0.417494 0.0339837 0.0131611 0.0398423 -0.00614794 -0.0721848 0.0197172 -0.0849086 -0.0843656 -0.0689319 0.00920226 -0.173682 -0.271619 0.383362 0.0456599 -0.0450653 -0.180959 -0.118888 0.236582 0.095851 -0.125852 -0.156764 -0.22891 -0.229972
0.0136902 0.019759 -0.0891812 0.0783712 -0.101186 -0.187041 -0.285723 -0.0431335 -0.0501894 -0.0504311 0.00653021 -0.0251798 -0.0241871 -0.174708 -0.0990231 -0.0708 -0.0668926 0.0585209 -0.0761302 -0.262692 0.140262 -0.0096506 0.487415 0.0839688 -0.0929792
-0.0567448 0.180286 -0.0654253 -0.199317 0.0335082 -0.16024 -0.263585 0.068898 -0.162107 -0.00229482 0.0728746 0.122345 0.0538453 -0.11774 -0.155989 -0.0160242 0.191336 -0.0274962 -0.00322398 -0.566484 0.0846508 -0.0234474 0.162184 0.292837 0.0806287
-0.313715 -0.012815 0.289745 -0.174807 -0.0710107 0.0857968 0.0855839 -0.0829476 -0.0680477 0.043732 0.436502 0.284253 0.190711 -0.0251272 0.162728 0.155578 -0.180161 -0.110697 0.47425 0.299745 -0.186706 -0.0504132 -0.137853 -0.0222637 0.0707837
0.055275 0.144357 -0.231049 0.192326 -0.0388938 0.215934 0.074318 -0.264028 0.0283693 -0.168717 -0.442593 -0.126092 -0.00882553 0.12708 0.00145046 -0.0910573 0.047273 0.206678 -0.301263 -0.0639261 0.231561 -0.0308087 -0.0548152 -0.0253148 0.010184
-0.198381 -0.100497 0.00471992 -0.0349475 -0.380436 -0.308307 -0.0171919 0.138218 0.249233 -0.100923 0.294515 -0.0794039 0.289915 -0.172323 -0.0353309 -0.0749576 -0.128533 -0.140815 0.169029 -0.0871591 -0.158123 -0.0234689 0.106972 -0.214584 0.115527
0.0748533 -0.0218014 0.282347 0.184843 -0.125674 0.202823 -0.545236 0.0621261 -0.130228 -0.242823 -0.183081 -0.139602 -0.105435 0.240266 -0.367102 -0.353539 -0.000436369 0.099873 0.143712 0.12779 -0.0462433 -0.211427 0.0174434 0.0512796 0.0781828
0.106713 0.0301868 0.0919008 0.119902 -0.11672 -0.183714 -0.155585 -0.0928604 -0.161289 -0.0607385 -0.242935 0.161115 0.267369 0.148104 -0.237691 0.0501291 0.0822651 -0.112834 0.000283398 0.011383 0.273203 -0.254162 0.0896448 -0.0477703 -0.147789
-0.0143289 -0.0420219 -0.152456 0.126049 0.0561558 -0.354627 -0.215542 0.242279 0.143369 -0.0377732 0.038181 -0.101659 -0.102213 0.246369 -0.135475 -0.300753 -0.235912 -0.0311235 -0.311802 -0.246664 -0.13041 0.03873 -0.1588 0.177474 -0.0197927
-0.139263 0.00202811 0.0547764 0.0969381 -0.13235 0.171008 0.0502913 0.169834 -0.0286228 0.125364 -0.0272151 0.27108 -0.149045 0.289985 0.122196 -0.0331994 0.341803 -0.173126 -0.0619066 -0.0140983 -0.0699659 0.231761 0.0363314 0.187682 -0.20675
-0.0151245 0.0670838 -0.208272 -0.150549 -0.247715 0.0951362 -0.071685 0.0166361 -0.0433663 0.0215283 -0.00563328 -0.107224 0.0605198 -0.232702 -0.295831 0.481401 0.161448 0.237648 -0.340556 -0.0657724 0.0975497 -0.183157 0.0332632 0.252714 0.0279725
0.0336051 -0.0139011 -0.307295 -0.106506 0.221964 -0.210937 -0.0703287 -0.0942046 -0.264557 0.0719476 -0.108796 -0.125496 -0.156299 -0.0846335 -0.134487 -0.18755 0.0338389 -0.314005 0.105456 0.171113 0.0688042 -0.137061 0.1576 0.0077651 0.201462
-0.264356 0.355238 -0.539998 -0.112248 0.0113321 0.00423181 0.0580719 -0.143066 0.236068 -0.136215 -0.151387 -0.26882 0.00955288 -0.0147057 0.0592298 -0.127142 -0.190093 -0.174466 -0.269279 -0.0441523 -0.0557435 -0.339587 0.0156227 0.23933 -0.111353
0.369913 -0.274965 -0.0849401 -0.197698 -0.204169 0.218077 0.103358 -0.0209177 -0.0274274 0.219842 -0.0633196 -0.0696078 0.171906 0.0981073 -0.117752 0.190604 -0.31627 -0.118545 -0.0838737 0.0216913 -0.00787659 -0.262098 -0.129459 0.0100213 -0.113883
0.0342668 -0.0892954 -0.186946 -0.130953 0.655018 -0.0725324 -0.13374 0.139752 0.0480548 0.0632226 -0.130261 -0.157781 -0.0761065 -0.109243 0.0343865 -0.24619 -0.0689951 -0.201257 -0.257989 0.147723 -0.258578 0.23358 -0.32564 -0.0892221 0.125621
-0.237634 0.158582 0.025815 -0.0743113 -0.0139584 0.0509499 0.215201 -0.0698364 -0.337025 -0.0913146 -0.143245 -0.0463499 0.212816 -0.166365 0.185284 0.293894 0.27881 0.313078 -0.0686508 0.349596 -0.105423 0.0265221 -0.103964 -0.0553247 -0.161696
0.0255865 0.0281845 -0.254946 0.0916252 -0.0596188 -0.204457 -0.130815 0.229128 0.197502 0.0139589 -0.13587 0.193541 -0.0745102 0.00517789 0.259417 -0.0388015 0.0473332 -0.0252208 0.170777 -0.0585813 0.146885 0.04878 -0.0464181 -0.291524 -0.119083
-0.0216823 -0.239323 -0.223849 0.0862798 -0.0411488 -0.278961 -0.0536565 -0.0603745 0.08794 0.0980187 -0.00053908 -0.127871 0.149997 0.156651 -0.193212 0.0975756 -0.0400627 -0.215349 0.110315 0.212892 0.0364936 0.0620021 0.111584 0.0224701 0.050536
-0.137116 0.0803639 0.253732 0.0567851 0.0948662 0.155127 0.255804 -0.00341008 0.0722691 0.148215 0.081305 -0.151402 -0.180803 0.144459 0.448907 -0.116097 -0.405901 -0.00460677 -0.27505 -0.129757 0.066073 -0.0103472 0.107491 0.222846 -0.0403669
0.0466154 -0.0118671 -0.187626 0.0728436 0.209363 -0.328021 0.0195697 0.067242 -0.279878 0.0705769 -0.417901 -0.0248803 -0.177414 -0.0685762 0.2566 0.0508615 0.0854276 -0.18852 0.255988 -0.413258 0.340254 0.0127015 -0.100178 -0.0320227 -0.170451
0.191653 -0.0790973 -0.321029 -0.460247 -0.0465084 0.115965 0.225779 -0.345467 -0.0645951 -0.0928571 0.00970834 -0.0819699 -0.105882 0.0310941 -0.280017 -0.113794 0.0349304 0.0308646 0.164017 -0.0108337 -0.0119822 -0.0795091 0.00420337 0.0853705 -0.350365
0.223081 0.444807 0.332457 0.0576579 -0.132335 -0.098604 -0.173358 0.0331811 0.0913469 0.138517 -0.0343572 0.106286 0.113766 -0.178601 0.0542926 0.24264 0.0568302 -0.166308 0.165981 -0.100955 0.242073 0.1521 -0.0443534 -0.135392 -0.166585
-0.361494 0.086027 -0.330699 0.0709181 -0.0496885 0.232517 -0.0230275 0.144577 -0.214077 0.215767 -0.16018 0.177811 -0.140183 0.104727 0.00046789 -0.0371014 -0.168796 0.277608 -0.118412 -0.0258464 -0.193806 0.205754 0.0277415 -0.096328 -0.264259
-0.286801 0.172467 0.0406679 -0.279222 0.0908122 0.28187 0.00289069 -0.165363 0.196916 0.0338669 -0.0863886 0.185914 -0.115925 -0.134496 -0.0839766 -0.444046 0.122654 -0.306595 0.171049 -0.178161 -0.130363 -0.0809735 0.122456 -0.131812 -0.0938654
-0.362292 0.0836233 0.358638 0.191656 0.0406586 0.156459 0.00149492 -0.0351263 0.00210887 0.362232 -0.00939768 0.0164573 0.123162 0.128127 0.030016 0.166415 -0.071222 0.177472 -0.355566 -0.0902917 0.24404 -0.157477 -0.198103 -0.142465 0.132609
0.461335 0.0591805 -0.20377 0.059328 -0.221493 -0.0216312 -0.222667 -0.11805 -0.25859 0.277744 0.0495629 0.0985031 0.227016 -0.083067 0.0837501 -0.129545 -0.252875 0.0484007 0.20873 0.269957 0.347371 0.162835 -0.024537 0.096427 0.218531
0.0158676 0.0731119 0.118343 0.432144 -0.278777 0.426342 0.186661 0.0862259 -0.136249 -0.284507 0.02417 -0.0478867 -0.0927625 0.093957 0.0175742 0.053163 -0.0891438 0.00583416 -0.00683767 0.13219 0.0273233 0.280514 0.13214 -0.287789 0.277111
-0.119979 -0.0434654 0.158541 -0.0874348 0.0847165 -0.309204 -0.181923 0.228166 0.0104482 0.104346 -0.362695 0.316123 -0.0650936 -0.0902576 0.0272221 0.178952 -0.13799 0.104654 -0.143135 -0.198639 0.0846028 -0.191861 -0.280195 -0.00809593 -0.301208
-0.0378378 -0.0319869 0.273839 0.518034 0.0711227 -0.00651654 -0.203062 -0.125637 -0.0927679 -0.162261 0.184983 0.200971 -0.260933 0.171442 0.076193 0.0724947 -0.124275 -0.202013 0.0645429 -0.0514264 -0.111949 0.348971 0.136513 0.168089 0.0215392
0.108197 0.139307 -0.0127107 0.243947 -0.0736032 -0.430404 -0.228324 -0.0576405 0.297396 0.00835459 -0.179506 -0.33667 0.143354 -0.0029113 -0.207088 0.29785 0.203181 -0.143377 0.107238 -0.0511449 -0.018126 -0.132582 0.349698 0.1613 0.137027
0.237825 0.171745 0.0803351 -0.0642503 -0.211258 0.44715 -0.0965192 0.080812 0.0166763 -0.244821 -0.0181644 0.00448606 0.175584 -0.0387995 -0.000353872 0.0297956 -0.0808824 -0.128139 -0.0430135 -0.0997423 0.071444 0.298586 -0.0612232 -0.0688683 -0.201514
-0.0247355 -0.197503 -0.209475 -0.0730601 -0.372227 0.0103261 -0.362546 -0.0159891 -0.0554311 -0.303395 -0.144615 0.0371893 -0.0919902 -0.128081 0.00106877 0.228524 -0.115284 -0.237384 0.331427 0.0120112 -0.183282 0.10972 -0.022141 0.201472 0.162014
0.0317477 0.29971 0.41393 -0.000655405 0.124214 -0.0493429 -0.18539 -0.241932 -0.0220739 0.213184 0.311877 -0.377711 -0.196527 0.146202 -0.0149744 0.116861 -0.0680224 0.0347049 0.167747 -0.206115 0.0754323 0.311871 0.203352 0.046025 0.0857192
-0.273272 -0.215731 -0.0166672 0.120509 0.241238 0.197131 -0.212779 0.108958 -0.142119 -0.0385151 -0.131953 0.292978 0.101258 -0.228362 0.0605462 0.314741 -0.181038 0.147841 0.149156 -0.190802 0.178363 0.0982637 -0.270475 0.162398 -0.0347627
-0.00791923 0.0321922 -0.0498962 0.0910639 -0.142183 0.0406555 0.0974265 0.402853 -0.257412 -0.395238 -0.0999259 -0.318758 0.00898433 0.409397 -0.447933 -0.197663 0.0426678 -0.210057 0.221904 -0.068328 0.0627567 0.23444 0.158721 0.109611 0.0970262
-0.347598 0.00303453 0.054756 0.218609 -0.00652559 0.151795 -0.0525407 0.357814 -0.00928583 -0.227651 -0.0781297 0.181656 -0.0318022 -0.00581285 -0.329326 -0.161454 0.105996 -0.202527 0.0906023 0.112149 -0.184091 -0.385698 -0.238571 0.21121 0.191389
-0.156469 -0.148421 0.194411 -0.0622627 -0.379444 -0.0732569 0.0935392 -0.049325 0.208225 0.131336 0.203735 0.0835261 -0.0783955 0.192807 0.159557 0.260784 0.210254 0.262442 -0.0786903 -0.119212 0.151896 -0.198684 -0.0243324 -0.0380054 0.0751278
0.346151 -0.143887 0.139493 -0.385173 0.030967 0.182996 0.0603041 0.168929 -0.0747574 -0.0899663 -0.385163 0.0330898 -0.175111 -0.10998 0.0465785 0.197707 -0.166134 -0.171966 0.380761 -0.382509 -0.172066 0.213938 0.0445144 -0.00714724 0.136711
0.145115 -0.255919 0.339046 -0.1744 0.153392 -0.188997 -0.0445611 -0.0124609 0.178684 -0.0299956 -0.108658 0.146771 -0.193308 0.0404135 -0.0117731 -0.192603 0.199344 -0.0491202 -0.14464 -0.292625 -0.0193774 -0.00218694 0.153949 -0.0455183 -0.0473379
0.0899394 0.427856 -0.16649 0.0414891 -0.228419 -0.0293098 0.0266442 0.141555 -0.0882638 -0.0944603 0.126509 0.109173 0.00327552 0.213985 0.243033 -0.275836 0.22142 0.179306 -0.299052 0.0386716 0.149453 0.0414237 -0.156862 -0.0194297 -0.20708
0.0252043 -0.050155 0.002134 -0.0695389 -0.103769 0.0312598 0.452619 -0.0486979 -0.0904434 -0.160969 0.117811 -0.221564 0.439518 -0.244016 -0.239461 -0.00429276 -0.303475 -0.133541 -0.0465594 0.021176 -0.195851 0.183075 -0.0990089 0.349605 0.189271
0.18606 0.09946 0.531462 0.0787604 0.0651398 0.049408 0.0891571 0.13303 -0.133288 -0.271011 0.327502 -0.261428 -0.0514472 -0.160428 -0.145505 -0.158531 -0.376859 0.0745634 0.112215 0.298366 -0.0606981 0.159771 -0.143731 0.139438 0.0778291
-0.431716 0.0168913 -0.116518 -0.240147 -0.0669331 -0.183461 -0.228797 -0.258909 0.141707 -0.0506525 -0.0947694 -0.107795 -0.130964 0.0624349 0.122167 -0.250011 0.0559287 -0.0278824 0.179991 -0.134352 -0.0940585 0.142659 0.163615 -0.151072 -0.19914
-0.0543403 0.115843 -0.105669 0.189906 -0.370785 -0.0389896 -0.0771783 0.171035 0.0913897 0.104165 -0.259796 0.0950275 -0.0380333 -0.12621 0.114163 0.0243036 0.00163335 -0.12 -0.253779 -0.0511055 -0.166078 -0.216846 -0.0440282 0.17403 0.0113123
-0.025354 -0.0212219 0.121635 -0.32412 0.0455141 -0.20602 -0.0864611 -0.0866985 -0.0902177 0.163936 0.123662 0.0581077 -0.170159 -0.195222 -0.119718 -0.00672605 -0.0805057 0.0643705 -0.104801 -0.23142 0.252855 -0.0526282 -0.069499 0.0422217 -0.0709679
0.163012 0.0619717 -0.474727 -0.00493681 -0.28227 -0.00138864 -0.142151 0.0424552 0.199027 -0.078336 0.13031 0.0342444 -0.0023204 0.0647729 -0.0260463 0.0686984 0.0445281 -0.158131 0.0194446 -0.31108 0.0156703 -0.17543 0.0256954 0.236297 0.170411
-0.157175 0.14845 -0.120482 -0.202734 -0.0359525 -0.33235 0.0728184 -0.061913 0.205539 -0.162481 -0.0251277 0.0090731 0.156016 0.218755 -0.0577492 -0.0325293 0.10778 0.275363 0.183808 0.270386 0.168087 0.366392 0.189491 -0.0509366 0.241278
0.131553 0.0816539 0.0745946 -0.106591 -0.26265 -0.0478794 0.0394133 0.125321 0.288322 -0.116654 -0.0552953 -0.0448174 -0.305869 -0.209112 0.278937 0.180293 0.346392 0.135146 0.022572 0.0047598 -0.259681 -0.299144 0.0390437 0.108934 -0.100493
0.104433 0.0210801 0.129607 -0.200539 0.150292 0.0650617 -0.207402 -0.0679511 0.0117219 -0.215654 -0.256458 -0.084198 0.14815 0.16831 -0.0463252 0.124479 0.153723 -0.00445641 0.148437 -0.269037 -0.0136074 -0.149849 0.0388454 -0.0605702 0.0763966
-0.0728553 -0.173346 0.0813604 0.18628 0.00467332 0.0522917 -0.0574367 0.185663 0.23744 -0.0917391 0.206361 0.0543111 0.0712323 0.106734 0.204638 0.00776849 -0.208442 -0.00627589 0.0790267 0.318295 -0.432621 -0.0239038 -0.0931531 0.252302 0.220961
0.0696512 -0.0743262 -0.0111562 -0.155235 -0.142467 -0.24405 -0.0334179 -0.116392 0.222045 -0.0158176 0.345207 0.0758771 -0.0704479 0.00377593 -0.11459 -0.115219 0.135599 -0.123927 -0.291372 0.0619767 0.285813 0.0340674 -0.342573 -0.175294 0.0594803
-0.408619 -0.18384 0.0145477 -0.019644 -0.101833 -0.108228 -0.405695 0.296858 -0.103663 -0.0819433 -0.0822264 0.208007 -0.182699 -0.294079 -0.163558 0.327847 0.0410106 0.237867 0.0568342 -0.319944 0.0885873 0.0498052 0.00790158 -0.152524 -0.0703083
-0.104221 0.27863 -0.15866 -0.0984732 0.0571334 0.0209033 -0.0222756 -0.00737567 0.166196 -0.0698001 -0.0989205 0.128223 0.0664292 0.211394 -0.154191 0.000238156 -0.13735 -0.0373085 -0.161344 0.0236908 -0.125772 0.223473 -0.00732302 -0.121559 0.360314
-0.393062 0.0772188 -0.132168 0.067759 -0.0623601 -0.149449 0.0497177 -0.149359 -0.0192435 -0.133554 0.00631153 -0.275115 0.19648 -0.0907192 0.0707989 0.0161039 -0.126997 -0.480338 -0.163586 -0.189339 -0.035504 -0.272855 0.08629 -0.148175 -0.0582938
-0.304343 0.0797581 -0.162869 0.0950486 0.00270774 0.3315 -0.390812 -0.146714 -0.0474263 -0.0137869 -0.122982 -0.302887 0.0794956 0.140817 -0.0860936 0.185875 -0.0768793 0.177284 -0.0300721 0.193816 -0.120898 0.55964 -0.108282 -0.0445966 -0.127911
-0.0945135 0.223175 -0.00976794 -0.11855 -0.0452597 -0.162678 -0.14458 0.00646885 0.0852172 -0.221081 0.170071 0.14537 0.103504 0.0869772 -0.239855 0.0819823 -0.00922055 -0.0517377 -0.161596 0.314948 0.142082 0.158045 -0.352012 -0.0550497 -0.125337
0.129096 0.118056 0.0160804 0.215605 0.227004 -0.170754 0.193945 -0.0575163 -0.0722954 -0.159423 0.0538642 0.06065 -0.111615 -0.00984062 -0.14906 -0.0813547 -0.304715 -0.150023 0.398569 -0.409329 0.00264949 0.121765 -0.409106 -0.0028702 0.124971
-0.128614 0.485288 -0.47917 0.0359303 -0.0631656 -0.213157 0.121881 -0.0913575 0.178383 -0.0280986 0.0110306 -0.218388 -0.18697 -0.0285627 0.25701 0.274986 -0.0995861 0.0145029 0.15677 -0.018615 0.046623 -0.0140264 -0.202626 0.091176 -0.212177
-0.0663029 -0.218129 0.126667 -0.13925 0.0648555 0.277654 -0.121531 -0.22705 -0.0950977 -0.0969929 0.0364783 0.0418207 0.086725 -0.248336 0.211101 -0.078632 0.0332446 0.120283 0.203303 -0.236429 0.00684498 -0.233336 -0.194202 -0.131326 0.0928783
-0.071767 -0.0761042 0.00581708 -0.0317466 0.00053406 -0.0453589 -0.0791028 -0.155467 0.181794 -0.00540902 -0.129022 0.0178995 -0.0334631 -0.16944 -0.078245 0.170166 0.015578 0.34932 -0.209574 0.259001 0.123652 0.118147 -0.235259 0.0707159 -0.178768
-0.0858289 0.0962749 0.0841392 0.302462 0.0736887 -0.127175 -0.314958 -0.0955459 -0.0737069 -0.0183675 -0.0499365 0.317175 0.290594 0.156394 0.268339 -0.117412 -0.0225512 -0.0427967 -0.24243 -0.000800773 -0.126629 0.188331 -0.274314 0.00914113 0.257023
0.0948271 0.299825 0.0504805 0.0737157 0.202806 0.120363 -0.126156 0.113657 0.176473 0.239468 -0.226219 -0.194284 -0.0663985 -0.188223 0.00437414 -0.168473 -0.0306513 -0.291655 -0.0264479 0.241574 0.0848681 0.0814457 0.0884978 -0.310784 -0.0682673
0.294674 -0.0365964 0.110315 0.0673583 -0.0406821 0.121519 0.155637 -0.0938662 -0.0375123 0.291035 -0.0140223 0.039229 0.170037 0.00178901 0.0264652 -0.110413 0.111547 0.118013 -0.0771062 -0.0347434 0.244535 -0.0751036 -0.0298297 -0.0432194 -0.105395
0.266075 -0.179541 0.130216 -0.317223 0.020381 0.265431 0.181189 -0.0730298 0.0176498 0.0885699 0.139528 -0.102351 -0.0931597 -0.0172938 -0.111262 -0.398893 -0.394002 0.129426 -0.258745 0.389545 0.358559 -0.260955 -0.379465 0.174383 -0.193981
-0.109014 -0.236007 -0.203184 -0.20073 -0.068151 0.451014 0.116262 -0.306567 -0.149299 -0.337287 0.24606 0.13752 -0.11846 -0.156202 -0.0477896 0.00499671 -0.000501634 -0.131918 0.361797 0.231802 0.22636 0.122585 -0.315093 0.194246 -0.141453
0.196435 -0.136502 -0.00981752 -0.128643 -0.080401 0.171258 0.251861 -0.202301 0.219555 -0.381125 0.0414623 -0.330057 0.189532 0.375171 0.149508 -0.0304317 -0.10607 0.000237696 0.077766 -0.139129 -0.0942453 0.221591 0.360562 -0.00762257 0.183884
-0.179398 -0.15135 -0.304102 0.223701 -0.152465 -0.0215365 -0.140414 0.174237 0.0487922 -0.0343201 0.177098 0.0666741 0.151542 0.173594 0.0582014 0.348823 0.40378 0.00287254 0.0466184 0.14167 0.0630772 0.071873 0.221905 0.305004 -0.0560913
0.144474 -0.159866 -0.228889 0.103654 0.0434366 -0.0552813 -0.0758709 -0.0895409 -0.165429 -0.267881 -0.0364317 0.266585 0.0547641 0.0440874 0.0263796 -0.202149 0.168864 -0.0475206 0.387837 0.202313 -0.0481394 -0.169179 -0.264859 -0.3882 0.2386
0.0878132 -4.30273e-05 0.262908 0.0566574 -0.113646 0.0989761 -0.00765349 0.0362822 -0.0500498 -0.179087 0.0540322 0.149763 -0.180107 -0.113429 -0.107464 0.303676 -0.0778844 -0.0181829 0.161597 0.154974 -0.0935142 0.119128 -0.204748 0.123129 -0.0464005
-0.135772 -0.123448 0.153796 -0.0596622 0.145354 -0.0810169 -0.212611 0.22646 -0.0489694 -0.1061 0.112225 -0.385102 -0.156108 -0.0220808 -0.104387 -0.161333 -0.14823 -0.219397 -0.0190474 0.43679 0.222088 -0.182751 -0.314298 0.0681493 0.0502843
-0.0953952 -0.118879 0.247981 0.0627893 -0.140972 0.0811168 0.430492 0.0120048 -0.0127609 0.0279641 -0.0946296 -0.0945737 -0.195176 -0.131198 0.148934 -0.154582 0.0708543 0.0690394 -0.212077 0.015889 -0.0523947 -0.0448036 -0.0794348 -0.0810137 0.260477
0.228107 0.162208 0.1901 0.0690642 0.166108 0.125001 0.0614289 0.238652 0.258452 0.415948 0.0578379 0.0787428 -0.121617 -0.317894 -0.0298387 0.0373867 0.189585 0.219312 0.199129 -0.176898 0.0819159 0.0296186 -0.11955 -0.11928 0.0307912
-0.00924619 -0.370123 -0.118581 0.00843001 0.0589973 -0.0635541 -0.0750835 0.159506 -0.336109 -0.0310496 -0.199811 -0.0164057 0.119207 -0.273979 0.0132201 -0.163443 -0.142956 0.0665077 -0.0770041 -0.194216 -0.13726 -0.293523 0.235335 0.226371 0.29933
-0.133472 -0.0504725 -0.0811784 0.302213 0.170486 0.0662483 0.0897819 -0.0205721 0.12407 0.176766 -0.248505 0.285611 0.0823085 0.204128 -0.0850873 -0.010049 -0.046586 0.0429609 0.432071 0.38185 -0.0712114 0.122373 0.0106109 -0.0308098 0.0729566
0.31948 -0.348604 0.0602885 -0.152633 -0.120151 -0.0210676 -0.223967 -0.247731 -0.0611929 0.0441425 0.139997 0.205219 -0.201444 -0.264576 -0.315751 -0.193067 -0.0692945 0.0989465 0.157054 0.0900387 -0.31979 -0.146021 -0.209728 -0.16828 0.492243
